501 20
769465858 356192614 848267270 788993267 316535211 997834758 784289969 429603451 391196918 734477631 211440106 326974306 669530179 1054089582 618006514 160112376 451656277 331066996 434209966 271339342 981533396 742499894 371653160 328333243 920996043 823472411 843568398 804811609 11604266 504255633 56715058 837045129 185999685 376469896 290169352 1046857323 908099923 556204789 886497579 592872807 552996593 218756176 504284376 261731239 605560733 1024993303 41393266 861750426 866071355 482186825 860938492 140034675 696268434 1007561452 466861986 34417831 935908816 336112775 661861425 637986419 48324354 852832937 270283674 203076948 600552605 268905568 343271027 111693709 308531192 148534978 371290997 853146277 933254096 74810216 536467967 820132325 667987650 2723566 341040274 71273694 81743316 61958004 54459219 469319138 143646445 1030767392 683933325 48251014 918594393 112567962 321229100 936419367 933909062 268032911 824306498 770735713 438143817 891287342 137268358 888054169 1036507353 968061102 314443472 155489141 627983059 757843910 108746910 209080158 825356533 925449011 42620818 626065669 13360483 196480822 634039026 137155291 1037047589 126346259 219534887 657116312 233641126 876354707 964612927 175554997 757831222 882627715 512867691 277237745 808229001 416933683 412519297 374894032 778852151 449938936 181295738 129435927 344022842 38493866 632539125 393622866 509292915 825643558 356244659 531819086 965014821 401423054 387286810 705974943 258030200 292897540 954934706 537733659 930008311 666684338 1050550698 588786781 293967379 1071375045 814487892 217781059 135761822 777341358 298621604 403023217 980534864 861277152 1047588277 793859276 251194438 519316820 834826053 654404863 762182526 493926664 881326900 478401017 556427356 729143163 859793161 1053806189 593683496 844649779 1013091437 1051161169 224702349 206975288 648307630 651493727 853048603 819530646 523349565 477098392 603972551 145927135 535933232 118946236 402121062 710907814 231047105 556969939 1056271669 1044822277 1053316557 808990631 1015585364 184063256 680395349 618922311 165464647 695177856 912777729 595466117 1073016692 558944225 127723928 874053241 166682535 757697124 363937930 449683964 1061402256 649335861 44165990 402936878 637847620 454155014 254084708 279665649 488514488 118455947 955060188 511447916 781591882 996374268 14959309 138057352 164403512 686738326 426738007 569639286 633073190 352049434 1018089281 356564776 188217244 897493068 716823668 293726163 120471685 894915702 266641278 606220147 82308530 546079203 318504976 953705543 273002581 949118052 193401216 31685969 346246 813979086 537353544 139278551 133896130 292125817 204914053 606653157 861455207 108134851 256624505 483662792 115828537 288970891 36947465 825661076 189454304 637703094 366560320 134350752 1061287272 805162158 962504650 133303045 837029311 1031969246 677469050 403442466 82038586 341054776 557320644 132075290 382520081 769585839 53765956 533043541 356878303 460891836 350227765 421713403 927835171 312679645 843211771 1050925436 528451777 558398994 588783002 880848651 642722689 167511903 421249084 683341598 206201230 138309709 373276847 727569904 341393913 1018618216 988884196 784298495 100538420 24672962 1012393585 801014415 395667096 641690222 43248912 101051940 9730271 347214598 788543774 474478860 868943530 480363046 175318557 276988883 27551229 675870447 461040947 1010686412 576966078 411777157 614477736 617254799 677849145 154696849 178688364 327512438 442987935 1028136384 583787406 370278943 901103234 857596482 688250566 648120557 410916443 549786188 507899372 1009627271 336047620 406134422 246876287 45659479 653358655 328095453 1073650976 999400459 527815213 693809250 125570068 93235224 631822807 684727402 143110597 223504947 767077545 504131260 448037185 629669590 304993265 1045910566 403746489 119858369 371799397 1013242105 325216771 967349110 262641050 76611464 912927001 593303995 968829582 555837100 136577688 26594332 786447903 109576259 453318722 149914470 185852049 127850412 591139197 764635950 910076684 837445709 888251858 326230088 375329308 299435022 713668462 646340432 701286448 520374747 853573028 454460197 158969883 275590181 126697321 368218984 322068374 415336290 186752470 1018438402 1004286395 177719433 258502314 771604123 163047820 615490454 61220549 566078244 916382826 104094220 182113454 829142094 977624222 184160622 972958479 138971920 1014643668 264255941 1044683572 1000354853 795114907 510559262 727383951 185108107 298230246 39315720 833050166 144751109 423407502 74989338 1015778147 693274010 75318989 263676267 950195188 1024577045 362267588 1025828376 33658857 253453443 875950327 138110146 980937960 775378104 937216460 723504398 130916540 485966794 438947088 585157923 973525970 704011923 286580594 464930863 429892538 807032884 288374277 88333538 500164012 1054013581 937951426 248839153 180908289 710490822 499330307 195071636 938768822 66157513 278943754 1057467657 1043888876 975747269 905566584 282354959 238268778 555146668 354684374 405 411 580723639
384 189 569329801
364 493 368843599
478 67 165083065
228 214 94863423
387 481 368545263
33 237 963898692
448 37 418476444
227 280 738586922
19 138 36583798
12 19 1026298056
173 500 80114453
424 425 114587969
222 100 403263443
237 333 715153016
60 374 933319648
242 344 236765652
448 480 693789603
219 428 462822709
408 219 780651352
501
155 205
94 342
384 255
101 291
164 96
88 110
158 80
329 150
227 336
443 3
106 405
112 392
106 133
246 198
35 109
114 454
296 15
437 213
301 298
221 299
81 22
205 4
101 355
474 233
370 459
138 177
472 429
144 280
257 189
310 357
218 111
114 342
452 193
203 170
306 378
363 429
395 60
112 494
433 485
218 482
261 338
479 296
93 27
40 401
56 180
128 173
371 328
266 501
416 27
364 235
63 172
495 187
11 302
43 332
45 419
289 35
356 378
321 119
245 69
324 337
232 205
489 481
368 466
364 90
283 347
438 396
100 382
462 28
413 135
214 285
413 494
498 328
423 455
387 455
276 101
374 334
484 151
109 453
163 459
241 314
294 142
372 302
475 120
358 459
305 451
471 150
106 350
38 346
491 177
127 392
161 68
290 273
166 42
150 441
289 292
450 174
190 400
428 459
119 151
283 8
449 181
135 143
281 398
287 66
51 249
390 142
80 5
375 221
481 249
437 195
168 198
375 297
321 250
54 422
294 165
121 311
302 375
131 366
73 108
388 286
241 292
278 390
179 389
5 236
59 342
370 398
410 161
240 292
471 478
439 476
475 363
132 303
127 58
250 186
340 393
94 1
443 423
362 252
266 455
378 215
419 85
384 298
392 20
303 476
463 148
135 270
398 346
199 306
425 357
198 78
45 424
224 86
122 8
199 179
26 54
402 134
97 482
328 171
190 46
166 364
13 345
2 386
114 466
175 34
287 297
312 353
218 206
479 206
316 336
279 490
303 347
177 91
61 344
325 141
387 312
37 50
90 433
115 177
468 388
478 217
438 303
471 42
153 84
352 319
210 229
361 91
111 57
347 242
324 271
163 371
58 194
490 400
208 161
439 350
478 497
129 85
117 430
292 210
174 375
27 462
137 349
186 378
483 252
170 303
426 404
261 350
489 501
87 377
222 398
420 259
6 488
217 166
210 274
201 356
26 269
139 265
361 316
186 351
210 374
25 258
457 291
205 316
18 344
76 20
130 127
450 263
386 12
170 428
147 18
114 417
10 424
249 468
246 493
211 278
402 364
183 78
383 278
212 133
92 80
244 453
195 12
347 362
147 12
50 12
57 430
487 476
349 63
270 27
479 426
7 492
403 122
445 166
464 480
273 167
328 444
207 382
169 135
428 414
172 348
313 36
235 94
77 90
388 175
234 453
190 425
374 54
225 208
240 289
323 268
179 230
62 26
438 7
154 233
120 366
70 207
145 251
352 1
297 45
72 197
6 402
347 164
292 174
276 371
321 209
265 69
144 364
41 470
199 163
290 387
376 410
468 27
96 346
423 112
309 449
203 369
70 116
108 5
48 274
347 278
414 493
85 165
290 458
126 425
133 442
122 88
410 415
25 123
432 314
482 225
163 479
100 161
260 22
37 20
61 122
302 146
161 73
75 389
170 98
37 287
408 285
87 166
47 71
125 25
282 200
461 211
74 299
342 359
234 488
219 45
490 222
229 440
228 314
422 222
438 428
39 301
89 209
135 143
141 124
228 176
329 402
490 478
201 417
44 229
139 139
367 24
442 372
162 111
258 255
36 126
147 329
71 345
347 402
451 410
81 465
128 386
426 482
82 48
130 15
382 183
177 390
267 295
388 467
95 123
180 57
342 129
422 52
276 53
68 82
311 395
316 433
73 265
362 41
19 273
317 146
301 392
386 324
280 333
308 285
95 195
340 282
319 486
173 153
199 382
4 117
453 147
234 421
381 50
270 441
488 377
147 228
379 67
170 54
440 191
21 369
110 291
497 272
288 86
165 476
124 328
362 345
496 439
283 2
268 257
179 483
114 64
107 32
158 176
431 338
263 54
384 149
92 63
199 258
463 453
248 232
425 254
490 130
283 241
430 164
133 246
297 179
364 411
50 427
389 5
337 181
362 424
242 71
149 168
174 8
237 455
75 14
182 90
349 472
232 199
291 355
493 302
262 106
67 214
90 343
14 447
161 147
93 174
498 436
18 37
470 306
113 38
391 4
176 403
139 298
109 18
10 356
397 436
46 150
284 232
62 210
116 193
309 499
170 416
315 414
363 325
15 68
219 468
64 376
114 360
470 87
35 142
485 193
456 344
244 37
441 359
249 35
405 306
243 438
178 98
139 178
378 185
114 232
108 92
307 385
40 42
117 319
150 42
230 105
347 346
201 128
32 245
56 408
288 326
145 130
363 306
400 206
415 178
239 411
283 283
412 79
442 492
338 346
449 395
68 41
211 374
385 227
360 221
