501 20
939992194 508467611 13713334 79342837 756448659 1037388846 396110215 375584569 765486390 844369923 635891217 208137382 225435946 946526687 734523718 974987714 553239348 582085292 1059152990 116458106 27004830 1073506808 601764947 145503388 971043763 697766005 204802147 95423070 431541317 965370487 14995601 523830486 851524647 685111929 829908003 597517951 1015108274 364209048 746532901 143414715 547930692 836568087 1071347173 223350603 793913021 415045593 15898997 84781272 994204672 230570730 1022787629 151151470 505963640 579011575 287538982 314969596 618389393 86617809 721279424 1049327573 597659706 914872046 815124508 895382322 845247338 678412775 281329059 1063544750 284550808 65747451 997083005 1042183368 861855297 394328203 29334299 245736549 906374246 762192028 510737582 334409035 973133579 166545752 637822381 688375207 692977337 292624525 520352596 995624328 588567804 384199981 38167839 216193377 266904294 301210060 589982546 511902859 503734155 1027354405 1071220085 36680641 630445699 479745686 965259472 356032418 887250540 727628959 884221683 579288883 78356325 849218407 560180273 752880218 341141907 123696439 728329760 555863140 774675360 820367100 312504859 813893248 329980215 921549513 724407233 316105281 296964489 401564243 96605043 818492448 1020351947 660291956 1071035609 908070392 360447925 333185193 1005514077 201056648 341026821 362274707 30909102 991277813 509832442 74198906 115996991 906156869 559843546 372497861 507884230 191912677 400898157 83889795 286760125 6732836 901722495 492816102 517279460 310871478 1008675169 882452418 629012925 575683889 903998313 116176914 836437263 89487763 466452333 1037451124 935345764 8881595 550658124 508211368 843798411 712020715 642499174 519644181 740521239 896924493 406743583 646636100 800722141 571675755 832016992 836927075 529224826 421695924 678519573 576487619 912048074 773158654 38598576 873537882 796725106 154606335 274199973 470880833 386363224 971946451 329790188 245848631 35497254 821794681 159345794 764985117 791563978 582529622 528878824 509919353 238039289 291046832 269681314 142877171 820385191 1059806260 644064953 1000998362 588921488 148320881 719336250 1040422816 719540147 664742235 928795061 41436761 819987921 463407305 861112767 115871553 276475123 1041027575 942487408 443471923 270951137 997777924 494498278 195156531 27316652 906830965 758315456 1053760484 171015717 265115056 1073579940 742456338 317302371 483906946 23671481 108612650 551891009 1034193306 472737581 141949629 361342941 558223372 242052273 737005057 382127643 799506895 636845304 126987856 525743904 466584895 612067899 357367975 922417367 505344155 199316920 545558824 314763631 378387592 309360175 475499928 491122139 384960141 1058926179 568299490 652531793 356049812 768095135 376354962 1040963276 95076975 997721135 970086747 795865482 489250385 446688738 479309714 777066894 997245265 257713295 1043181232 616122143 1029134059 330524812 325180115 733685831 923569791 601242936 878883646 733273941 375098831 845131635 857681109 613273948 753398661 76803105 427900066 502727858 577677739 916547243 262861395 1068306289 252266545 669011838 708420281 297113081 1030293355 252942986 545563210 614422892 354042512 917018052 719097760 566482481 750979644 552931236 147664376 59175538 73647854 343477671 794513332 899038366 664136587 270570190 524636377 489241063 936228826 662664734 591733138 155305156 513346310 118704414 911040683 183204721 669009439 545672796 298518039 897236586 69582489 1055522792 602250603 114343668 851755211 49980887 767430752 932552085 338928241 123763906 162464085 863901846 608396586 753560644 428750282 965167752 475851003 248728959 485101798 607713468 1036267211 520110488 793484786 434368969 64498405 708778039 779528924 618953739 1045440377 76137992 145224373 870306846 327071515 490826556 852875316 33930087 714061634 997386761 116535344 659527307 1036608202 571804965 170400810 281091061 348877938 474496591 454849729 547885653 651188575 832031943 137184315 920362780 619443096 37143505 229986563 553460993 743173256 189092150 1011267621 850997887 544774015 319470530 116299732 100925524 764732465 1027238343 963955173 593362947 849043765 120616856 379137617 303135315 329469575 741596688 509019575 275758542 874266631 833890569 1009015767 874011972 420499448 462241253 489619992 842169925 862151041 138621448 782309892 263108522 303297327 893661531 64827335 965312525 1014595954 724137163 616621235 84421708 881260827 301287624 65120702 402325002 554154469 760456135 483527170 955925038 534882537 14404800 979174716 128614242 5624615 474845616 617052750 486028437 624730116 265588248 940548542 324806521 256644039 138740093 573577269 924304134 256942619 324875750 156956928 511018485 544411792 201717346 440174738 705429830 712403226 781260159 1044246272 754640571 737475728 352060371 968753795 1026205531 212170031 455964279 844734970 730866159 395835668 724901254 488972134 610787720 494296261 831416995 351222380 930769911 1053124009 962389872 411118294 139993172 505552011 816815128 218 374 981839900
142 485 238020740
96 370 883445995
55 364 88796415
129 66 604829338
328 210 289515192
208 407 224221790
300 159 64536772
500 220 669971048
83 293 345008341
378 408 1049189693
400 362 74917947
114 337 197781333
331 253 212204829
22 18 405669623
483 120 760066040
251 118 1068853844
446 76 326476119
71 448 623473633
187 499 726436819
501
219 395
343 58
186 288
313 191
366 72
115 417
269 483
198 404
383 159
178 145
349 374
344 304
364 30
116 359
397 69
433 9
164 327
129 285
483 83
287 310
119 185
1 245
212 330
160 214
144 382
332 437
62 241
281 170
305 464
389 13
154 168
204 152
23 62
391 437
235 316
226 104
46 137
17 250
330 37
442 392
271 120
188 339
148 398
192 313
373 287
50 178
405 222
222 484
246 55
437 180
50 371
251 281
231 316
82 424
358 272
406 373
20 434
171 12
166 267
126 324
355 218
176 177
308 255
214 207
104 290
195 17
194 32
211 157
471 385
350 369
13 39
160 249
147 337
354 460
43 336
338 268
8 349
22 339
148 435
12 153
204 349
104 8
256 187
149 314
272 472
408 205
18 487
418 330
185 464
240 200
265 400
301 366
46 196
333 94
419 227
422 89
191 464
188 236
425 161
162 164
86 93
462 240
211 393
439 54
79 113
376 143
289 137
347 53
48 128
400 103
319 99
73 385
436 310
288 210
162 501
219 211
216 411
304 387
333 25
263 436
397 294
417 434
48 501
449 20
25 436
389 466
298 199
490 407
319 185
398 91
158 331
274 275
335 334
136 81
50 493
45 363
62 71
484 108
22 150
285 439
107 139
8 469
149 121
361 353
41 60
186 234
376 67
107 231
278 268
424 485
383 60
433 399
237 155
176 433
250 102
152 497
336 199
415 182
196 78
261 35
344 75
148 472
130 338
377 494
167 208
71 31
295 338
46 432
196 142
97 196
103 346
313 289
133 390
409 200
170 491
398 207
33 32
124 191
181 153
393 471
305 58
42 414
73 219
459 272
250 211
175 195
497 428
106 474
123 43
191 487
456 383
244 308
257 270
216 471
294 247
163 501
226 433
498 289
446 482
26 138
270 460
353 29
32 179
497 127
227 265
96 263
39 442
91 187
291 390
207 123
280 462
319 17
373 363
316 20
466 395
237 264
303 192
484 155
476 275
375 33
208 260
495 23
457 114
209 281
1 231
477 257
11 48
71 454
228 344
411 340
489 96
127 164
387 487
43 374
328 45
28 287
52 305
175 2
193 291
134 441
402 64
87 357
140 342
104 47
424 26
67 68
47 417
56 352
165 294
258 108
371 240
196 452
192 358
478 430
6 369
392 382
27 485
311 222
14 177
220 160
380 75
41 386
232 276
338 13
336 110
229 491
64 19
69 399
6 194
471 336
86 288
16 175
264 70
338 49
344 91
256 18
451 352
72 302
191 383
259 415
287 247
100 350
391 26
261 339
164 425
43 76
61 274
408 241
104 430
471 438
38 465
345 16
366 140
417 283
463 74
226 241
293 497
482 412
355 250
483 188
211 472
435 108
452 313
177 351
403 492
113 477
263 181
119 360
352 176
487 270
289 464
229 5
313 215
261 270
16 281
359 220
20 20
218 107
388 426
71 489
227 297
229 390
36 228
11 261
285 453
237 310
412 161
46 256
399 247
126 462
181 407
366 318
437 398
76 31
24 131
405 162
57 245
442 250
119 270
482 127
450 217
336 204
245 135
404 288
363 55
345 335
157 175
427 351
331 183
329 235
280 250
498 181
292 175
462 451
276 451
209 246
113 367
486 76
410 464
302 5
202 281
20 172
124 119
348 13
81 201
189 156
88 373
466 473
380 60
428 412
190 219
410 494
314 106
22 400
268 145
103 362
430 432
48 416
421 413
254 142
323 96
73 383
36 119
51 398
90 496
255 338
254 499
430 348
393 175
107 252
316 183
324 25
449 105
363 102
196 109
325 280
61 206
98 213
377 132
148 8
236 27
490 85
355 359
265 249
62 479
373 481
40 45
268 356
242 309
231 29
167 438
481 39
212 269
10 46
81 181
298 319
427 125
326 316
162 399
485 47
67 11
54 209
65 11
26 447
82 310
54 49
104 377
63 373
448 15
440 434
123 410
189 103
23 357
232 334
455 113
336 323
43 425
489 256
49 102
386 403
411 446
260 440
225 124
225 283
344 321
11 383
146 12
473 77
216 295
234 427
29 426
415 82
161 339
431 431
115 204
425 495
127 155
250 180
331 95
117 221
42 217
133 51
156 303
484 185
34 339
310 154
445 454
264 439
3 406
247 350
124 476
119 182
215 275
324 144
234 303
51 97
212 483
229 263
422 336
118 271
403 296
348 17
15 249
234 178
166 291
187 246
197 101
465 2
373 275
478 89
159 410
84 158
60 148
410 158
164 65
192 183
274 501
156 310
153 6
414 6
436 227
