501 20
291675523 564314430 318903892 1018545219 191436684 462262884 445401091 168951630 978206704 378750242 459664293 633543882 685475449 574861452 70140421 702094559 739503507 977040254 534557139 1066169532 829699280 107082519 402864675 863933711 892539750 52652345 521073900 838664335 545456815 297468682 42248586 725512819 265164969 812420982 625274685 530715896 16347764 449133994 566878120 334776286 698625751 299658138 342350163 766047979 895973562 211027068 227299881 924680295 739647917 265809739 738179578 198945695 1073597536 786206022 522448122 752234339 69510953 862111854 288667200 1017727112 176961153 770912779 965272137 601579622 711962503 773959976 382755186 488424282 780427900 583778578 290781825 696837957 725136709 576307165 87690525 753091083 1022733804 452709599 884925521 836448278 777981215 720287539 578492686 373910225 110229680 548895799 329286822 527404845 1063532051 593843726 976995153 909816863 598242531 47372831 124929707 193040671 359147869 803350420 633632820 608482475 1009383140 482485724 457960399 233753282 455846523 86659882 335356484 982774634 262620494 513483508 333863870 87206186 923735850 815885428 292518477 502544272 1028712704 353495338 932869222 510280109 319993702 541836120 272815966 97671316 200736021 830059653 375380466 491921887 618073452 718189563 809565890 70946346 839515884 298366281 298829521 608575381 899491258 393115329 114357255 232374342 496672289 143810555 623008687 1011067109 709191437 638546000 654067961 33347358 1012534416 621493600 758148986 484873251 189784673 389382540 694873511 848235304 60280408 990427773 812801885 879488997 215818995 872863644 879067228 740144407 944015828 721320087 654335687 800051967 380501569 373701602 64298406 1037409761 921786275 704683316 43173732 36580486 203580424 811164678 826388562 25349819 1003360929 163881495 914581794 772051920 339422788 356762091 1003733356 596762906 715892715 10429767 1070160429 200218737 563704114 11162551 273926210 722390706 385509085 830716168 754796274 323621438 981257041 517075918 287996513 27705722 197808406 872887263 643318302 571666765 12989787 345942230 509582230 1000760229 332196466 475922578 900895902 82087411 972411471 127235508 496815598 536457130 22120717 56454692 243568032 1056733379 388775786 635021708 36299189 808271932 910828870 242810843 367448720 305580692 1026188328 774975428 351249785 812490833 742795705 935640381 714223388 118551675 206586439 939515905 1014380039 797416222 1014383427 368476686 752805167 883265484 681493955 994725415 82234988 250022936 665497857 610455123 113573112 145960476 28677338 414489180 671651828 177843956 508859472 184358481 870126819 261433664 450289672 562282756 356907565 21655463 142885068 643437197 157331870 1011381071 316748299 530344646 967174884 1011268197 233442388 263131084 1042746900 812181147 743849951 495107204 131153446 930794405 500571908 617627412 849996660 70489531 357972162 777725798 1111615 695402522 926532409 271648169 956326186 243571587 799086128 904542415 944542653 190620858 816133520 283626767 484682980 752446217 412675047 815065701 604890477 553862842 4781286 44520205 732693133 189603744 826030051 996078092 477911132 13861775 66359896 633698727 1012096084 748539104 640463458 468521450 677431254 467327214 152666435 657790754 930073254 841371292 933928416 142895204 69487978 96793804 348710724 680281604 523977774 602151145 26646299 805879838 701370595 1021150558 733080632 134133008 395212251 947095580 57730319 33480702 419928143 840075545 438635068 677508941 769725145 487665867 677005562 915102504 521771002 284139185 1007967661 958977023 558638229 1033449419 252890713 376594691 518799986 128046364 84866344 1047041707 713546429 210303535 301669096 51907889 419895429 250968976 138781066 416702230 65854269 184233294 252984996 1048721306 865351997 844558720 8963568 231076165 829657666 279862973 805176267 861160545 39530986 399701666 407447479 254510461 146047545 335408208 838450906 1020490732 247778839 135625451 832028284 60594244 954766288 837209116 770088589 786641631 534341523 912977552 774079516 239942237 317220339 906288247 541490145 503933472 37828200 146838022 926893236 387047631 288038351 580203509 825797140 661212884 272965862 530761217 98135714 308163806 533346001 947155307 1014941347 952644191 969804697 507370360 713253505 155739151 612258471 1058933743 427329866 411718247 207857997 845046686 359482159 562294823 111118653 212837077 589763590 766781649 992922384 477134825 510117321 627408683 925317312 233164211 2769685 132791233 653799471 931181071 216236460 199273313 950850974 236743773 717421812 661712285 640144950 20720643 535904374 9163596 661174915 1062205160 953221727 86822153 214354163 569286651 373345794 731507123 20215900 35442090 601243220 446850284 880636531 881135723 908281966 970999194 763864662 767527223 284300815 703990888 76802819 244064266 361295895 617804358 91959775 404081253 417675533 99399397 972212528 137388492 570554267 981892924 466071202 496634440 269545741 434816006 790819270 71117029 683627477 72 88 694872630
338 427 608987092
453 147 899870044
355 253 934324802
483 407 870692149
253 377 408346324
97 467 828170104
181 192 550856497
139 276 622756687
361 46 563515142
120 346 686099731
212 494 790685288
253 107 778088011
82 312 334939759
97 355 657563111
427 398 740449295
148 488 897393849
432 255 274322745
120 46 455291443
376 344 381848626
501
377 180
297 92
233 334
43 377
388 471
451 444
48 466
222 485
268 174
325 185
33 98
72 239
198 324
265 174
410 54
278 5
228 62
149 382
497 333
340 476
165 12
496 334
109 78
227 167
371 379
394 126
137 303
42 417
216 206
197 147
167 66
154 137
221 255
461 500
93 421
373 48
330 332
88 239
343 279
315 420
337 242
264 142
198 54
250 256
439 213
134 456
132 417
77 303
233 404
68 415
392 129
406 198
234 132
168 355
378 171
465 41
253 146
308 16
179 27
387 210
447 331
146 486
31 244
86 233
322 427
159 319
168 327
272 8
273 200
419 122
190 150
251 48
209 159
438 55
225 379
351 474
91 338
354 148
237 244
278 444
50 375
167 199
495 440
361 475
129 51
388 264
378 448
401 39
196 111
399 263
332 189
2 204
231 389
1 176
191 310
149 69
302 338
119 170
371 335
302 416
420 269
150 143
372 204
167 434
462 306
26 181
409 50
212 158
123 263
430 44
62 288
252 457
490 290
12 500
441 311
264 294
202 336
380 332
421 182
54 96
60 372
16 485
26 157
199 195
177 40
490 199
153 368
221 209
41 447
172 249
460 312
163 174
495 273
260 346
330 245
61 75
317 155
407 419
254 349
54 104
290 278
416 414
400 151
388 375
464 62
470 238
40 17
71 432
154 254
307 180
495 29
371 467
38 462
242 487
259 492
322 449
478 429
165 91
103 168
311 386
28 149
247 251
495 116
290 100
498 298
330 426
346 270
451 161
124 290
262 496
150 177
122 110
390 396
348 378
478 126
25 259
380 258
358 461
409 289
291 377
254 391
471 282
208 61
337 161
129 244
460 58
129 112
38 121
462 263
64 378
376 15
140 428
340 104
349 277
266 448
326 472
493 316
413 358
235 467
377 1
131 151
297 482
135 403
27 100
94 457
77 409
87 478
12 142
161 239
418 139
103 250
143 381
51 184
299 129
100 262
152 186
260 412
268 472
260 231
19 246
148 186
458 330
137 33
79 227
102 379
62 85
79 237
217 370
342 410
141 431
406 170
135 476
467 354
36 165
393 214
65 306
51 177
78 254
162 327
15 478
373 73
76 66
11 35
298 157
49 253
176 217
229 329
3 426
100 360
127 143
456 65
230 182
414 61
259 365
446 123
487 282
338 38
285 309
228 406
153 434
363 426
366 246
173 475
84 394
446 41
46 446
58 106
354 291
165 65
215 230
69 151
375 330
378 250
59 468
96 363
441 290
342 35
182 367
133 165
137 337
1 388
339 173
103 219
110 163
385 176
144 457
188 440
113 81
249 169
180 441
268 261
131 492
303 149
199 221
243 171
254 38
273 373
447 146
500 106
367 87
298 468
136 284
163 199
107 431
35 5
29 8
365 336
274 384
228 97
467 178
124 298
68 203
464 423
363 462
166 474
280 220
251 1
92 225
75 290
374 434
229 443
142 176
163 126
212 202
214 242
165 127
6 366
2 17
44 213
348 334
368 320
410 351
439 449
177 316
111 203
9 110
380 329
212 491
406 388
230 98
337 23
363 393
488 52
392 36
81 125
222 469
481 179
160 137
47 293
88 163
493 390
84 294
406 115
411 383
422 157
96 329
192 100
222 287
372 382
201 115
90 380
101 408
160 444
482 241
24 16
138 317
141 266
121 100
431 117
314 301
482 438
61 217
262 456
407 459
34 159
147 386
358 359
155 124
104 383
438 21
39 148
80 448
106 471
318 22
374 253
466 83
461 300
269 201
35 459
173 346
205 452
69 440
304 111
340 488
52 464
302 268
386 391
353 230
451 9
163 295
63 201
484 70
54 294
76 422
228 213
216 444
228 317
227 297
13 487
58 218
1 18
359 435
107 229
229 369
348 339
59 226
136 49
277 272
339 461
177 147
74 182
71 143
110 323
244 146
281 66
319 16
390 247
134 312
119 485
299 335
267 337
399 115
328 146
335 262
258 376
24 499
310 425
29 45
75 478
51 116
222 106
19 353
463 283
237 131
266 270
39 375
479 415
382 18
117 239
211 423
64 288
262 433
329 88
379 59
4 50
147 299
54 218
418 442
51 451
20 183
275 236
58 39
480 199
124 500
365 474
346 51
277 243
44 179
156 92
104 459
369 321
367 13
160 144
338 489
388 332
145 420
301 294
34 486
492 4
272 272
413 142
165 453
428 438
141 291
141 212
268 182
23 8
321 23
442 479
317 35
253 50
9 462
323 137
483 327
202 402
304 306
462 92
115 279
55 170
132 421
342 474
