100
2 2 1
3 3 1
44 44 1
62 62 1
44 44 1
4 4 1
16 16 1
87 87 1
38 38 1
31 31 1
54 54 1
22 22 1
99 99 1
44 44 1
100 100 1
60 60 1
31 31 1
42 42 1
64 64 1
15 15 1
75 75 1
64 64 1
69 69 1
41 41 1
85 85 1
11 11 1
100 100 1
97 97 1
94 94 1
58 58 1
88 88 1
21 21 1
27 27 1
65 65 1
28 28 1
46 46 1
42 42 1
86 86 1
10 10 1
43 43 1
78 78 1
98 98 1
47 47 1
92 92 1
39 39 1
85 85 1
72 72 1
51 51 1
16 16 1
93 93 1
30 30 1
55 55 1
30 30 1
83 83 1
44 44 1
78 78 1
89 89 1
83 83 1
5 5 1
45 45 1
10 10 1
36 36 1
53 53 1
38 38 1
34 34 1
62 62 1
79 79 1
41 41 1
13 13 1
25 25 1
43 43 1
18 18 1
30 30 1
79 79 1
24 24 1
93 93 1
89 89 1
14 14 1
97 97 1
56 56 1
48 48 1
21 21 1
37 37 1
25 25 1
43 43 1
75 75 1
18 18 1
90 90 1
3 3 1
90 90 1
12 12 1
72 72 1
66 66 1
75 75 1
88 88 1
22 22 1
81 81 1
37 37 1
17 17 1
1 1 1
