100
6801 59 0
1093 62 0
7651 34 0
2690 5 0
5950 31 0
852 62 0
6557 34 0
2216 30 0
8544 4 0
8876 1 0
287 6 0
832 72 0
8333 38 0
1792 9 0
4121 37 0
5460 78 0
4385 50 0
6522 12 0
1595 91 0
7591 34 0
8085 85 0
2840 65 0
5048 38 0
7883 49 0
8786 46 0
9930 68 0
7816 61 0
5991 45 0
9733 34 0
4048 93 0
7297 39 0
9724 5 0
3145 75 0
1872 55 0
9556 53 0
635 3 0
8390 24 0
3415 76 0
6969 24 0
4795 27 0
5419 80 0
7909 55 0
8967 13 0
6290 35 0
4978 89 0
5912 23 0
3557 94 0
3952 50 0
2380 72 0
967 63 0
4778 47 0
2725 20 0
6713 10 0
2804 1 0
4442 59 0
1325 80 0
1528 24 0
6480 45 0
1149 47 0
6329 34 0
1121 14 0
5276 37 0
9454 60 0
6308 96 0
7776 50 0
7475 46 0
8416 91 0
8651 9 0
9187 34 0
9558 64 0
1743 86 0
4542 54 0
4747 48 0
643 19 0
5231 67 0
6853 4 0
428 49 0
4983 68 0
9944 96 0
8124 25 0
7721 55 0
8500 35 0
2115 20 0
9341 76 0
2969 6 0
3742 47 0
4719 51 0
8513 34 0
2616 5 0
6962 1 0
4116 5 0
1647 6 0
2744 24 0
663 36 0
249 27 0
253 51 0
9621 89 0
282 90 0
5233 13 0
4329 87 0
