100
708775 708775 1
330432 330432 1
219933 219933 1
264851 264851 1
679882 679882 1
145242 145242 1
633990 633990 1
628924 628924 1
611113 611113 1
311112 311112 1
125317 125317 1
127204 127204 1
617986 617986 1
687202 687202 1
956407 956407 1
519518 519518 1
128261 128261 1
804774 804774 1
406636 406636 1
850887 850887 1
195 195 1
978407 978407 1
629739 629739 1
246359 246359 1
225796 225796 1
584585 584585 1
358892 358892 1
917748 917748 1
548343 548343 1
744785 744785 1
641126 641126 1
826691 826691 1
778075 778075 1
396219 396219 1
158009 158009 1
37271 37271 1
997863 997863 1
267497 267497 1
597906 597906 1
747861 747861 1
695235 695235 1
39597 39597 1
859024 859024 1
584440 584440 1
168111 168111 1
776086 776086 1
537063 537063 1
859868 859868 1
143821 143821 1
619845 619845 1
677662 677662 1
994720 994720 1
5718 5718 1
416549 416549 1
543901 543901 1
841230 841230 1
32206 32206 1
767521 767521 1
13236 13236 1
736986 736986 1
16518 16518 1
468271 468271 1
368950 368950 1
769619 769619 1
170651 170651 1
555994 555994 1
749023 749023 1
420453 420453 1
27620 27620 1
114462 114462 1
90695 90695 1
232712 232712 1
800816 800816 1
282012 282012 1
176610 176610 1
454773 454773 1
474595 474595 1
399929 399929 1
758380 758380 1
534390 534390 1
938527 938527 1
140240 140240 1
938113 938113 1
328242 328242 1
421090 421090 1
944717 944717 1
58532 58532 1
660323 660323 1
939497 939497 1
872754 872754 1
488891 488891 1
313702 313702 1
121435 121435 1
778223 778223 1
13228 13228 1
4642 4642 1
356052 356052 1
62461 62461 1
645141 645141 1
680901 680901 1
