100
29816 37 1
45008 84 1
75470 92 1
49847 81 1
30875 33 1
87450 29 1
53047 64 1
41979 100 1
20141 83 1
85035 83 1
89537 84 1
28743 66 1
95074 97 1
46269 56 1
68746 46 1
43478 53 1
32507 97 1
51854 4 1
35951 51 1
75846 65 1
80143 93 1
56564 22 1
53950 63 1
27236 47 1
57624 40 1
31932 85 1
38610 32 1
2588 78 1
72854 6 1
96305 56 1
52757 35 1
17048 60 1
15524 52 1
75470 81 1
48141 76 1
47475 97 1
25536 65 1
83330 18 1
12122 55 1
45647 33 1
79150 10 1
71929 29 1
91989 2 1
33450 30 1
71679 41 1
5679 17 1
19398 32 1
27749 77 1
69265 95 1
36565 98 1
27816 85 1
10864 11 1
71341 37 1
64053 28 1
86912 62 1
12455 70 1
72484 53 1
94870 67 1
80655 52 1
32662 1 1
68013 89 1
56850 17 1
55309 83 1
88369 45 1
70163 60 1
72469 74 1
72341 69 1
27078 36 1
78664 66 1
55640 76 1
60414 82 1
87846 46 1
15271 70 1
76080 64 1
64744 81 1
61987 73 1
68348 63 1
43179 81 1
86448 24 1
16935 3 1
794 19 1
70155 42 1
45643 93 1
47819 38 1
71543 76 1
8110 43 1
68548 77 1
66585 100 1
86316 88 1
18508 7 1
34162 28 1
81960 82 1
30944 33 1
40056 96 1
28047 85 1
55034 20 1
11990 35 1
78957 93 1
5653 8 1
85088 42 1
