100
920 920 0
508 508 0
74 74 0
415 415 0
119 119 0
387 387 0
249 249 0
852 852 0
637 637 0
251 251 0
895 895 0
30 30 0
280 280 0
234 234 0
502 502 0
561 561 0
323 323 0
291 291 0
256 256 0
94 94 0
997 997 0
530 530 0
62 62 0
698 698 0
626 626 0
309 309 0
319 319 0
118 118 0
672 672 0
943 943 0
614 614 0
583 583 0
479 479 0
642 642 0
221 221 0
243 243 0
573 573 0
858 858 0
519 519 0
157 157 0
468 468 0
289 289 0
431 431 0
136 136 0
750 750 0
875 875 0
446 446 0
484 484 0
369 369 0
222 222 0
814 814 0
975 975 0
136 136 0
777 777 0
150 150 0
545 545 0
793 793 0
619 619 0
983 983 0
983 983 0
354 354 0
432 432 0
91 91 0
820 820 0
838 838 0
435 435 0
658 658 0
552 552 0
247 247 0
663 663 0
639 639 0
370 370 0
822 822 0
5 5 0
151 151 0
192 192 0
139 139 0
868 868 0
540 540 0
273 273 0
400 400 0
350 350 0
946 946 0
403 403 0
773 773 0
777 777 0
684 684 0
143 143 0
943 943 0
506 506 0
165 165 0
957 957 0
993 993 0
838 838 0
421 421 0
582 582 0
735 735 0
337 337 0
6 6 0
229 229 0
