100
784 87 1
744 65 1
596 49 1
510 60 1
18 34 1
659 47 1
908 21 1
26 62 1
516 58 1
134 92 1
290 85 1
188 19 1
537 96 1
807 53 1
855 40 1
285 47 1
993 16 1
450 41 1
787 45 1
111 30 1
931 65 1
190 67 1
999 79 1
968 89 1
626 96 1
671 59 1
662 24 1
485 69 1
279 99 1
549 92 1
118 2 1
948 76 1
697 6 1
547 21 1
625 95 1
679 33 1
668 30 1
18 64 1
174 72 1
137 7 1
283 98 1
253 6 1
730 23 1
816 89 1
279 67 1
212 3 1
948 94 1
138 5 1
490 90 1
812 26 1
145 2 1
411 75 1
628 67 1
425 74 1
855 60 1
818 66 1
965 71 1
979 52 1
826 94 1
780 98 1
158 67 1
882 47 1
320 56 1
652 84 1
559 52 1
813 26 1
837 84 1
57 48 1
508 71 1
264 69 1
242 6 1
833 77 1
191 97 1
997 42 1
606 28 1
591 100 1
819 27 1
692 99 1
957 29 1
724 28 1
373 93 1
886 89 1
972 72 1
540 61 1
689 73 1
730 39 1
473 49 1
930 96 1
50 95 1
241 9 1
168 7 1
93 15 1
605 63 1
58 59 1
13 86 1
630 95 1
443 8 1
574 20 1
30 11 1
514 100 1
