100
443191 443191 0
964482 964482 0
255557 255557 0
298076 298076 0
828330 828330 0
91761 91761 0
526475 526475 0
279651 279651 0
848279 848279 0
568138 568138 0
146952 146952 0
794275 794275 0
900112 900112 0
52641 52641 0
601089 601089 0
795368 795368 0
178733 178733 0
935230 935230 0
141186 141186 0
877626 877626 0
389587 389587 0
5886 5886 0
243943 243943 0
414851 414851 0
669819 669819 0
435712 435712 0
218418 218418 0
917703 917703 0
43781 43781 0
844761 844761 0
356198 356198 0
875140 875140 0
737037 737037 0
593670 593670 0
379109 379109 0
459585 459585 0
92766 92766 0
170289 170289 0
228842 228842 0
801397 801397 0
456040 456040 0
628345 628345 0
838890 838890 0
32039 32039 0
238805 238805 0
319054 319054 0
25920 25920 0
492359 492359 0
191998 191998 0
930168 930168 0
281833 281833 0
904888 904888 0
901390 901390 0
770916 770916 0
6167 6167 0
23729 23729 0
343380 343380 0
614636 614636 0
240769 240769 0
736705 736705 0
816010 816010 0
421874 421874 0
716294 716294 0
288765 288765 0
261379 261379 0
282785 282785 0
723257 723257 0
296642 296642 0
815120 815120 0
706611 706611 0
6552 6552 0
644449 644449 0
560484 560484 0
176759 176759 0
304240 304240 0
882287 882287 0
941702 941702 0
8499 8499 0
626215 626215 0
655170 655170 0
369142 369142 0
491207 491207 0
521487 521487 0
249435 249435 0
160405 160405 0
580680 580680 0
331405 331405 0
884330 884330 0
285051 285051 0
646520 646520 0
285491 285491 0
891534 891534 0
663426 663426 0
52369 52369 0
234933 234933 0
747445 747445 0
858015 858015 0
933025 933025 0
532207 532207 0
974620 974620 0
