100
4892 97 1
2928 20 1
9808 37 1
1729 63 1
740 40 1
9609 10 1
1873 37 1
3369 42 1
3987 12 1
4314 72 1
9672 52 1
8523 27 1
5576 39 1
8447 39 1
3304 83 1
2618 23 1
7914 82 1
959 28 1
4082 45 1
9015 89 1
6283 82 1
5438 7 1
2183 64 1
3333 89 1
2480 27 1
7222 84 1
7017 83 1
7033 95 1
2951 1 1
2928 71 1
4494 33 1
5572 72 1
4272 49 1
6505 69 1
6586 3 1
8513 32 1
4468 64 1
8513 81 1
3928 98 1
2041 9 1
6203 60 1
5756 26 1
3900 29 1
1011 29 1
829 71 1
1171 38 1
2538 29 1
8011 54 1
4318 69 1
3485 20 1
4915 84 1
7184 24 1
1982 47 1
1552 94 1
54 57 1
4616 38 1
6111 42 1
9931 18 1
6912 6 1
7188 57 1
4709 29 1
6709 42 1
1011 49 1
551 86 1
1146 10 1
4752 9 1
1085 88 1
1718 40 1
3352 53 1
4766 38 1
2487 20 1
8355 10 1
1301 3 1
7964 8 1
5384 17 1
5000 75 1
2495 3 1
5567 61 1
311 72 1
1234 61 1
1293 25 1
5758 12 1
1834 53 1
2460 88 1
3167 35 1
9664 47 1
5024 75 1
1131 98 1
9694 57 1
1443 88 1
8737 36 1
1323 72 1
511 50 1
1936 51 1
3355 12 1
6995 26 1
3248 51 1
8237 4 1
4155 41 1
527 86 1
