100
110720998 110720998 1
45217708 45217708 1
175663689 175663689 1
226241612 226241612 1
627273029 627273029 1
521991053 521991053 1
171637996 171637996 1
248906059 248906059 1
996643130 996643130 1
599002592 599002592 1
572507250 572507250 1
497004578 497004578 1
553898929 553898929 1
561067988 561067988 1
681792698 681792698 1
894944106 894944106 1
837594149 837594149 1
398859109 398859109 1
980751248 980751248 1
88927908 88927908 1
938679380 938679380 1
930435130 930435130 1
191691871 191691871 1
330422313 330422313 1
135844193 135844193 1
334306666 334306666 1
712913592 712913592 1
508381777 508381777 1
14078800 14078800 1
469733095 469733095 1
839735258 839735258 1
911488417 911488417 1
776306929 776306929 1
399456386 399456386 1
403763878 403763878 1
514415992 514415992 1
330450825 330450825 1
924636082 924636082 1
13280981 13280981 1
337371502 337371502 1
729007194 729007194 1
463188047 463188047 1
461143817 461143817 1
703657864 703657864 1
836384652 836384652 1
168475398 168475398 1
247533160 247533160 1
923056602 923056602 1
14901608 14901608 1
77909637 77909637 1
975571218 975571218 1
794658215 794658215 1
108526368 108526368 1
113300427 113300427 1
133759149 133759149 1
280094498 280094498 1
498555380 498555380 1
873352420 873352420 1
662750866 662750866 1
642608940 642608940 1
451203864 451203864 1
853073931 853073931 1
744103123 744103123 1
22557187 22557187 1
336133381 336133381 1
260155333 260155333 1
264061050 264061050 1
893625193 893625193 1
980763180 980763180 1
53470498 53470498 1
767254745 767254745 1
219311916 219311916 1
259116124 259116124 1
661749695 661749695 1
107979710 107979710 1
862751348 862751348 1
43300342 43300342 1
461885116 461885116 1
550251145 550251145 1
200816734 200816734 1
23710091 23710091 1
214936706 214936706 1
982009351 982009351 1
430526566 430526566 1
691654898 691654898 1
629025842 629025842 1
563550571 563550571 1
699260284 699260284 1
907262611 907262611 1
420857183 420857183 1
331722271 331722271 1
898578005 898578005 1
71762224 71762224 1
699147552 699147552 1
987727320 987727320 1
452121069 452121069 1
593528126 593528126 1
867938104 867938104 1
790736443 790736443 1
976197223 976197223 1
