100
47831 77 1
2369 42 1
69295 32 1
32130 76 1
60550 51 1
66641 54 1
76286 5 1
22145 64 1
80074 1 1
99462 56 1
31641 82 1
95564 33 1
51962 43 1
19609 38 1
26862 74 1
83425 95 1
90013 87 1
50698 98 1
23848 36 1
59209 6 1
12067 38 1
22866 43 1
44645 56 1
90700 77 1
85893 11 1
58509 10 1
23008 14 1
70167 38 1
68438 44 1
87030 15 1
27861 18 1
68258 33 1
74749 92 1
76214 92 1
83210 16 1
23568 73 1
44208 85 1
59044 93 1
36574 95 1
72884 12 1
89352 33 1
21344 49 1
67887 21 1
585 60 1
79130 56 1
95877 61 1
9568 58 1
9802 14 1
47114 96 1
13323 34 1
38407 42 1
51717 87 1
32258 22 1
43857 45 1
43919 88 1
80551 32 1
90182 32 1
59742 93 1
21239 53 1
36279 94 1
45219 100 1
45925 59 1
22083 16 1
79364 73 1
69405 32 1
41802 44 1
96622 34 1
21062 56 1
97330 19 1
6250 57 1
56161 28 1
16487 6 1
37228 5 1
81687 6 1
29226 78 1
28610 17 1
32479 96 1
1374 41 1
78280 25 1
83678 66 1
12587 92 1
79528 86 1
77639 46 1
32849 78 1
99142 66 1
98549 70 1
49185 24 1
98221 29 1
24594 72 1
76058 62 1
90548 19 1
60699 27 1
94471 4 1
91117 67 1
96645 52 1
36564 49 1
38942 65 1
42308 53 1
522 87 1
58152 35 1
