100
700 34 0
894 12 0
393 1 0
749 46 0
36 22 0
208 1 0
165 76 0
691 39 0
998 37 0
294 67 0
268 99 0
551 47 0
994 14 0
101 88 0
954 27 0
856 46 0
772 20 0
397 63 0
746 44 0
970 67 0
72 85 0
167 86 0
514 10 0
883 22 0
74 46 0
190 71 0
270 83 0
32 51 0
75 25 0
719 26 0
514 2 0
917 34 0
749 10 0
261 64 0
246 42 0
442 53 0
696 22 0
193 48 0
828 99 0
137 69 0
559 35 0
63 69 0
223 73 0
948 75 0
395 48 0
774 23 0
37 25 0
426 85 0
733 57 0
494 42 0
275 100 0
320 91 0
698 57 0
729 60 0
504 7 0
837 6 0
956 40 0
446 20 0
907 36 0
690 80 0
148 82 0
678 28 0
96 90 0
858 75 0
402 67 0
148 100 0
907 100 0
133 83 0
1000 48 0
61 70 0
689 75 0
738 84 0
735 19 0
177 1 0
818 20 0
499 98 0
122 64 0
785 1 0
831 32 0
438 31 0
376 8 0
836 84 0
547 50 0
684 95 0
455 96 0
103 5 0
761 46 0
922 47 0
13 39 0
561 86 0
616 14 0
760 66 0
149 57 0
960 74 0
360 95 0
577 34 0
317 39 0
891 7 0
792 31 0
33 30 0
