100
465601766340383856 465601766340383856 0
111395878230516534 111395878230516534 0
364466393960594490 364466393960594490 0
161581386981043138 161581386981043138 0
50048083473394896 50048083473394896 0
260472938423026203 260472938423026203 0
316731175428133928 316731175428133928 0
176114728881228214 176114728881228214 0
836043722847058631 836043722847058631 0
177103579048473381 177103579048473381 0
120943664460836532 120943664460836532 0
63655189353025298 63655189353025298 0
383426527655963880 383426527655963880 0
164836647675312591 164836647675312591 0
419868719799408740 419868719799408740 0
252427073746511952 252427073746511952 0
760324094773842908 760324094773842908 0
540999894302468356 540999894302468356 0
53167542249095172 53167542249095172 0
321047412580106352 321047412580106352 0
138287232444633723 138287232444633723 0
823829967603019090 823829967603019090 0
436215014836276060 436215014836276060 0
613943569772749396 613943569772749396 0
396976163206075920 396976163206075920 0
757479194409319820 757479194409319820 0
211516685904860616 211516685904860616 0
356995900909935352 356995900909935352 0
271605916496430530 271605916496430530 0
31642933065792909 31642933065792909 0
393655775790887453 393655775790887453 0
104504501607299005 104504501607299005 0
119554478733538300 119554478733538300 0
229653972064868630 229653972064868630 0
644632905961810390 644632905961810390 0
623896506643607220 623896506643607220 0
377039796390283040 377039796390283040 0
113353722267584736 113353722267584736 0
350335695046406952 350335695046406952 0
462896740977704775 462896740977704775 0
59693579425185542 59693579425185542 0
303991945241311620 303991945241311620 0
49395540286359424 49395540286359424 0
318877683523817160 318877683523817160 0
65441879654623072 65441879654623072 0
903830242792697600 903830242792697600 0
158884459213167978 158884459213167978 0
134669195830438289 134669195830438289 0
76628285282088960 76628285282088960 0
232928637796461684 232928637796461684 0
68324463263938479 68324463263938479 0
99646808878919687 99646808878919687 0
297020314743265200 297020314743265200 0
407153369901348927 407153369901348927 0
207448948237408640 207448948237408640 0
315611935080937320 315611935080937320 0
815275569690357183 815275569690357183 0
654695850994874355 654695850994874355 0
398266774575119021 398266774575119021 0
689190902212362575 689190902212362575 0
115726633574486922 115726633574486922 0
224920430549792246 224920430549792246 0
383297109021099980 383297109021099980 0
473850004684814211 473850004684814211 0
544749750201690222 544749750201690222 0
392187995427685665 392187995427685665 0
213577685628167375 213577685628167375 0
59295444453317520 59295444453317520 0
630960756010671272 630960756010671272 0
295318048059595470 295318048059595470 0
421496376514556112 421496376514556112 0
651372932694980909 651372932694980909 0
172687571528637230 172687571528637230 0
272729243745849838 272729243745849838 0
212689555840040440 212689555840040440 0
111249011991207232 111249011991207232 0
249854771264422752 249854771264422752 0
173318865364568664 173318865364568664 0
161140415748208128 161140415748208128 0
247071411640307603 247071411640307603 0
505310585673487737 505310585673487737 0
764434279313580160 764434279313580160 0
531119521645120252 531119521645120252 0
200401360248031303 200401360248031303 0
29729381564325807 29729381564325807 0
128317231614140421 128317231614140421 0
312444200859444095 312444200859444095 0
236568417789413241 236568417789413241 0
449584053108250095 449584053108250095 0
452453111428058039 452453111428058039 0
160781372326833723 160781372326833723 0
42714577547884704 42714577547884704 0
570771845968338266 570771845968338266 0
865824917388816960 865824917388816960 0
509624664726218157 509624664726218157 0
466548019878700092 466548019878700092 0
440323083783733824 440323083783733824 0
183134187402984108 183134187402984108 0
296645754933361575 296645754933361575 0
188287588087333113 188287588087333113 0
