100
60726461520913518 60726461520913518 1
607566590418970305 607566590418970305 1
101733186507931851 101733186507931851 1
38857340760726636 38857340760726636 1
477936453380927754 477936453380927754 1
70109896395602808 70109896395602808 1
120699455327884728 120699455327884728 1
150175773563340577 150175773563340577 1
50411015372025079 50411015372025079 1
466550266961170173 466550266961170173 1
384043584048994700 384043584048994700 1
268741951775248150 268741951775248150 1
195798244922283222 195798244922283222 1
257639897644798043 257639897644798043 1
75781129501357560 75781129501357560 1
353217153715895424 353217153715895424 1
612654637454162054 612654637454162054 1
296610962081164318 296610962081164318 1
435077375151462264 435077375151462264 1
499042090451216459 499042090451216459 1
462500390060013280 462500390060013280 1
119252758196647424 119252758196647424 1
135389227625618800 135389227625618800 1
599983193336006752 599983193336006752 1
78462778480200630 78462778480200630 1
108166958784193006 108166958784193006 1
34759532576355730 34759532576355730 1
193409701248567548 193409701248567548 1
287278085065044984 287278085065044984 1
98417164371193626 98417164371193626 1
458605319224581980 458605319224581980 1
548028730191024768 548028730191024768 1
373771710523902048 373771710523902048 1
127462862707205120 127462862707205120 1
600766537152375672 600766537152375672 1
17765107511946250 17765107511946250 1
377864222394735491 377864222394735491 1
921531744399659530 921531744399659530 1
759024605493215779 759024605493215779 1
717820805513808058 717820805513808058 1
110268540312871291 110268540312871291 1
895875929854484600 895875929854484600 1
241110464814310026 241110464814310026 1
98502454532566774 98502454532566774 1
307675563700298346 307675563700298346 1
474098352597077130 474098352597077130 1
37059193046478428 37059193046478428 1
135676187001671670 135676187001671670 1
150389529791054526 150389529791054526 1
75146294384458320 75146294384458320 1
207089687944394460 207089687944394460 1
105843674080583040 105843674080583040 1
83288288183001636 83288288183001636 1
55356593205203928 55356593205203928 1
129035962548088014 129035962548088014 1
81760906065804767 81760906065804767 1
112235769944156214 112235769944156214 1
342520318199157670 342520318199157670 1
124780238492740215 124780238492740215 1
298164931247154492 298164931247154492 1
305097977709725634 305097977709725634 1
282006610868831832 282006610868831832 1
161378110033040532 161378110033040532 1
572986263420594180 572986263420594180 1
265986140317558318 265986140317558318 1
76917370575930480 76917370575930480 1
558097060740273600 558097060740273600 1
624649210234645318 624649210234645318 1
62424792064801730 62424792064801730 1
92755645214453452 92755645214453452 1
202360981834095960 202360981834095960 1
533833402933141655 533833402933141655 1
218594586437042571 218594586437042571 1
328022495887350462 328022495887350462 1
319488128099040950 319488128099040950 1
516002515031786076 516002515031786076 1
85985681755167225 85985681755167225 1
22916943435215622 22916943435215622 1
332605656975821567 332605656975821567 1
447576919458958972 447576919458958972 1
91404152738838555 91404152738838555 1
173048226119289162 173048226119289162 1
28609878942289110 28609878942289110 1
283549660302044288 283549660302044288 1
170226241225156804 170226241225156804 1
74720835175421421 74720835175421421 1
600459240722197772 600459240722197772 1
491116886587840716 491116886587840716 1
644641158746362604 644641158746362604 1
761014276707412716 761014276707412716 1
402504852742426620 402504852742426620 1
54753662750730175 54753662750730175 1
682050264160011912 682050264160011912 1
215695233423954064 215695233423954064 1
254501077472291712 254501077472291712 1
796887818134556549 796887818134556549 1
434654798863508821 434654798863508821 1
66682354842073248 66682354842073248 1
792751152578602471 792751152578602471 1
604668319700817610 604668319700817610 1
