100
47 32 0
20 80 0
24 67 0
99 100 0
5 10 0
74 57 0
11 82 0
81 70 0
63 9 0
40 10 0
50 96 0
80 22 0
6 54 0
85 47 0
28 10 0
70 57 0
9 46 0
56 57 0
3 8 0
58 65 0
45 33 0
97 93 0
82 74 0
8 81 0
62 38 0
51 82 0
95 31 0
83 4 0
55 53 0
64 29 0
8 80 0
47 26 0
32 79 0
76 14 0
12 64 0
45 30 0
89 10 0
55 6 0
30 38 0
4 2 0
53 95 0
47 68 0
15 51 0
99 58 0
81 92 0
18 81 0
21 35 0
72 1 0
59 80 0
21 1 0
50 25 0
43 54 0
11 15 0
100 2 0
12 88 0
98 85 0
34 28 0
26 71 0
66 84 0
10 72 0
74 46 0
17 41 0
84 1 0
46 3 0
42 30 0
32 94 0
44 93 0
17 48 0
20 84 0
25 1 0
28 41 0
52 77 0
50 18 0
20 32 0
96 53 0
97 35 0
7 34 0
39 93 0
68 7 0
39 30 0
47 10 0
89 100 0
76 65 0
23 63 0
70 23 0
80 57 0
40 3 0
82 97 0
51 23 0
16 13 0
30 64 0
1 83 0
55 59 0
37 99 0
69 81 0
50 94 0
32 36 0
65 19 0
97 43 0
42 41 0
