100
649 649 1
609 609 1
112 112 1
939 939 1
441 441 1
907 907 1
869 869 1
897 897 1
208 208 1
699 699 1
879 879 1
6 6 1
377 377 1
138 138 1
526 526 1
369 369 1
355 355 1
123 123 1
36 36 1
20 20 1
18 18 1
716 716 1
819 819 1
689 689 1
76 76 1
503 503 1
53 53 1
600 600 1
33 33 1
117 117 1
373 373 1
546 546 1
532 532 1
250 250 1
540 540 1
532 532 1
811 811 1
85 85 1
436 436 1
185 185 1
304 304 1
955 955 1
335 335 1
755 755 1
742 742 1
550 550 1
588 588 1
719 719 1
7 7 1
580 580 1
740 740 1
887 887 1
519 519 1
991 991 1
735 735 1
504 504 1
622 622 1
312 312 1
11 11 1
764 764 1
133 133 1
792 792 1
731 731 1
408 408 1
322 322 1
627 627 1
110 110 1
244 244 1
793 793 1
829 829 1
169 169 1
109 109 1
912 912 1
199 199 1
351 351 1
135 135 1
178 178 1
150 150 1
732 732 1
96 96 1
282 282 1
674 674 1
934 934 1
2 2 1
642 642 1
235 235 1
176 176 1
772 772 1
500 500 1
75 75 1
252 252 1
44 44 1
189 189 1
535 535 1
99 99 1
419 419 1
418 418 1
694 694 1
903 903 1
854 854 1
