100
75033 44 0
40622 47 0
65705 31 0
92482 82 0
28369 94 0
58154 80 0
44721 66 0
93421 56 0
10277 34 0
56306 26 0
74104 27 0
95112 48 0
33620 24 0
45971 58 0
46097 31 0
7455 72 0
35827 16 0
9299 95 0
13192 20 0
8138 53 0
54443 9 0
50865 3 0
6578 73 0
43615 10 0
83240 67 0
79022 1 0
61936 1 0
17099 93 0
64419 99 0
75078 53 0
34791 6 0
14662 11 0
19031 11 0
47113 94 0
59347 81 0
82306 26 0
11370 98 0
51757 46 0
97244 86 0
39062 39 0
64280 66 0
48740 48 0
49093 31 0
87493 47 0
88486 34 0
4992 64 0
62382 87 0
47160 60 0
31092 89 0
20019 39 0
71713 47 0
54329 57 0
61662 16 0
51872 64 0
55421 34 0
43691 96 0
72824 81 0
29975 6 0
49694 42 0
33047 12 0
74598 55 0
2427 69 0
7553 5 0
17219 98 0
53239 96 0
49045 9 0
41054 72 0
2688 45 0
63802 40 0
73743 38 0
33629 90 0
48198 93 0
24602 75 0
13613 90 0
72235 74 0
5647 90 0
88765 52 0
90048 74 0
7549 3 0
58132 89 0
37196 12 0
26840 16 0
4691 89 0
9358 84 0
49958 94 0
712 65 0
11780 89 0
93073 95 0
36600 52 0
84046 91 0
34146 57 0
48207 26 0
34754 87 0
57882 44 0
51616 89 0
6709 21 0
63388 40 0
99959 9 0
6329 19 0
22443 30 0
