100
11 11 0
64 64 0
21 21 0
41 41 0
95 95 0
77 77 0
98 98 0
64 64 0
14 14 0
17 17 0
49 49 0
39 39 0
21 21 0
21 21 0
44 44 0
45 45 0
72 72 0
24 24 0
46 46 0
90 90 0
19 19 0
7 7 0
20 20 0
9 9 0
86 86 0
81 81 0
83 83 0
49 49 0
56 56 0
72 72 0
38 38 0
93 93 0
90 90 0
94 94 0
44 44 0
37 37 0
2 2 0
24 24 0
3 3 0
62 62 0
61 61 0
34 34 0
82 82 0
2 2 0
39 39 0
9 9 0
15 15 0
59 59 0
36 36 0
19 19 0
16 16 0
7 7 0
47 47 0
35 35 0
59 59 0
60 60 0
24 24 0
76 76 0
26 26 0
41 41 0
91 91 0
24 24 0
16 16 0
26 26 0
15 15 0
48 48 0
74 74 0
60 60 0
5 5 0
58 58 0
72 72 0
40 40 0
36 36 0
57 57 0
93 93 0
26 26 0
68 68 0
30 30 0
44 44 0
59 59 0
64 64 0
44 44 0
90 90 0
87 87 0
19 19 0
15 15 0
45 45 0
26 26 0
23 23 0
60 60 0
9 9 0
19 19 0
31 31 0
85 85 0
67 67 0
11 11 0
72 72 0
22 22 0
6 6 0
50 50 0
