100
299612462 299612462 0
708576216 708576216 0
596474982 596474982 0
191376803 191376803 0
28914818 28914818 0
801135575 801135575 0
3774220 3774220 0
583906101 583906101 0
65878270 65878270 0
603377855 603377855 0
849668760 849668760 0
295918054 295918054 0
908040988 908040988 0
604857689 604857689 0
569540876 569540876 0
70656923 70656923 0
664200820 664200820 0
246666788 246666788 0
77462734 77462734 0
31485445 31485445 0
892524555 892524555 0
740161673 740161673 0
373834363 373834363 0
211435453 211435453 0
978675832 978675832 0
858540629 858540629 0
902375886 902375886 0
345002700 345002700 0
44781884 44781884 0
394986444 394986444 0
142277843 142277843 0
256917614 256917614 0
609810473 609810473 0
917132905 917132905 0
716204269 716204269 0
139011046 139011046 0
200921424 200921424 0
148016840 148016840 0
42064802 42064802 0
510320097 510320097 0
662337936 662337936 0
904062344 904062344 0
140602660 140602660 0
47073822 47073822 0
356791031 356791031 0
341417839 341417839 0
25685602 25685602 0
393672754 393672754 0
155461416 155461416 0
153846032 153846032 0
980126448 980126448 0
583406739 583406739 0
311787720 311787720 0
861030835 861030835 0
834032763 834032763 0
906299796 906299796 0
603362915 603362915 0
948126054 948126054 0
998583590 998583590 0
525440175 525440175 0
908702967 908702967 0
469208524 469208524 0
315483708 315483708 0
38903305 38903305 0
982773023 982773023 0
725721223 725721223 0
836581808 836581808 0
66024804 66024804 0
327537210 327537210 0
678443538 678443538 0
247256390 247256390 0
132110315 132110315 0
17128496 17128496 0
207736985 207736985 0
696384561 696384561 0
79200436 79200436 0
108811528 108811528 0
276971898 276971898 0
505493064 505493064 0
596308789 596308789 0
448978968 448978968 0
561919588 561919588 0
701417904 701417904 0
737165942 737165942 0
199089876 199089876 0
741294082 741294082 0
966671208 966671208 0
735635397 735635397 0
286882426 286882426 0
467334696 467334696 0
374316327 374316327 0
643499438 643499438 0
626256995 626256995 0
475238817 475238817 0
788469642 788469642 0
715333138 715333138 0
587269961 587269961 0
88550204 88550204 0
563400541 563400541 0
840592192 840592192 0
