100
18 54 1
44 31 1
71 96 1
26 66 1
99 4 1
93 61 1
24 89 1
22 57 1
53 39 1
10 78 1
56 100 1
74 42 1
14 79 1
87 43 1
45 90 1
88 30 1
47 67 1
5 26 1
79 54 1
17 44 1
1 61 1
19 69 1
55 82 1
57 42 1
74 13 1
24 63 1
15 31 1
77 99 1
28 39 1
81 48 1
24 26 1
41 13 1
8 43 1
87 87 1
1 59 1
17 69 1
5 40 1
24 99 1
55 14 1
41 40 1
33 42 1
46 75 1
83 30 1
26 36 1
19 21 1
74 51 1
60 11 1
27 11 1
96 95 1
83 46 1
25 57 1
98 24 1
43 34 1
7 11 1
1 99 1
90 78 1
36 98 1
66 54 1
68 51 1
25 85 1
21 28 1
5 36 1
89 69 1
80 27 1
4 21 1
80 43 1
63 23 1
28 77 1
45 29 1
45 23 1
13 58 1
28 11 1
71 61 1
16 11 1
66 49 1
24 73 1
91 24 1
48 45 1
76 76 1
21 77 1
16 48 1
92 58 1
9 89 1
81 28 1
94 82 1
33 18 1
55 66 1
82 89 1
11 60 1
36 50 1
12 75 1
48 54 1
24 75 1
86 21 1
36 75 1
96 40 1
2 26 1
31 41 1
97 3 1
27 5 1
