100
86884 76 0
85652 82 0
8794 91 0
79906 66 0
43905 74 0
94511 9 0
91302 90 0
12300 90 0
21460 62 0
65509 68 0
18719 17 0
54784 89 0
45779 18 0
57234 68 0
68274 99 0
25028 86 0
10576 61 0
99778 97 0
67138 78 0
47424 84 0
74452 66 0
5815 94 0
22121 60 0
34020 94 0
52241 70 0
13286 74 0
31739 27 0
70795 41 0
12258 96 0
47993 42 0
71130 9 0
51106 48 0
68770 88 0
91672 73 0
13224 3 0
67785 70 0
45799 74 0
12377 73 0
35102 30 0
31069 40 0
20114 86 0
12462 15 0
68994 93 0
30763 3 0
6998 5 0
70290 49 0
56901 40 0
11551 30 0
41250 86 0
4361 51 0
8620 78 0
91801 50 0
13671 25 0
3080 49 0
7019 18 0
80577 9 0
30129 46 0
99515 78 0
16876 58 0
61458 53 0
85926 9 0
29658 27 0
1278 70 0
57144 12 0
43193 7 0
33172 57 0
99346 9 0
8079 15 0
70958 83 0
41050 41 0
53225 95 0
95371 14 0
60087 66 0
5027 58 0
20561 76 0
45670 2 0
45166 65 0
98150 38 0
92694 10 0
47263 51 0
23954 99 0
60108 1 0
83465 50 0
76690 38 0
93436 26 0
31293 4 0
73522 64 0
63300 31 0
11698 72 0
22937 76 0
71756 94 0
19760 50 0
17446 61 0
48173 7 0
90246 61 0
57720 26 0
68242 78 0
64450 18 0
22144 77 0
39151 53 0
