100 80
14 12 4 17 4 16 14 10 9 16 16 7 20 12 12 6 11 13 7 12 13 10 10 0 0 2 2 13 16 20 10 3 11 11 10 9 7 13 19 18 19 11 5 18 0 7 17 0 15 16 12 1 16 11 4 11 16 14 20 0 9 14 4 13 11 20 17 3 10 0 16 10 2 2 5 5 11 13 2 11
7 15 3 1 12 19 2 13 0 18 19 16 1 16 3 1 4 2 15 9 9 11 12 9 13 11 12 7 9 12 13 6 7 9 9 11 10 5 19 18 0 18 8 13 20 11 8 3 5 11 0 6 10 20 14 9 12 7 2 15 20 19 4 4 1 17 5 7 4 10 16 15 10 10 4 3 20 17 3 12
20 20 18 9 6 5 0 6 3 0 11 2 17 10 8 20 18 3 14 10 13 3 7 0 15 17 16 16 5 18 12 5 1 16 3 8 15 4 4 18 4 6 18 19 9 14 0 15 12 6 7 2 4 19 4 8 8 8 4 8 18 1 19 2 17 5 7 8 6 2 16 5 16 20 1 15 4 3 8 1
2 11 7 16 14 8 19 17 5 7 12 11 19 4 0 0 18 8 11 18 2 17 4 4 8 1 13 15 7 15 9 20 14 9 12 9 8 7 11 7 19 20 12 2 20 9 8 19 18 12 8 0 12 19 3 5 17 0 20 11 2 3 2 19 9 20 17 12 3 5 15 2 12 2 4 14 1 20 3 0
6 13 2 8 2 11 9 7 9 0 5 8 2 11 7 8 12 3 19 8 4 10 4 0 10 11 20 7 9 6 20 20 10 19 10 9 6 17 13 17 2 5 4 10 20 2 15 4 3 16 15 10 2 17 9 17 1 2 2 8 16 10 17 0 5 5 1 17 10 15 6 1 12 6 18 19 13 6 14 15
6 15 3 11 15 19 6 13 8 17 19 17 9 3 20 10 14 5 9 8 13 18 0 18 16 7 6 9 2 18 19 5 4 6 2 16 12 6 4 13 12 19 5 15 16 14 15 12 10 12 20 0 5 15 12 6 13 19 5 19 14 13 8 0 16 4 18 13 15 19 10 19 10 1 12 16 12 10 2 12
17 11 18 15 10 3 16 9 17 14 15 16 2 1 3 12 6 4 6 1 6 15 15 6 3 5 9 7 3 10 2 12 1 8 12 4 10 14 0 4 7 3 19 15 20 2 12 0 5 19 14 16 1 14 1 0 10 3 6 16 17 3 9 7 9 16 12 10 14 18 7 8 9 3 0 16 20 9 1 10
4 13 17 13 2 17 5 10 11 19 14 0 19 3 6 15 6 7 6 9 0 18 6 6 1 1 7 0 4 7 18 8 12 19 1 7 2 19 4 6 0 11 5 12 2 12 9 12 16 13 1 10 15 3 12 9 20 1 2 14 16 18 16 0 20 13 20 13 11 1 9 16 9 13 6 15 10 2 19 7
8 13 11 20 7 12 19 0 15 5 7 18 8 10 6 17 14 14 6 11 1 14 12 18 0 19 7 11 16 3 7 15 11 16 19 7 19 13 9 16 5 10 7 3 10 6 5 2 12 12 18 0 13 19 17 1 12 0 18 10 9 8 14 14 3 6 2 8 3 6 15 19 10 4 7 16 13 5 18 0
19 6 3 18 19 15 8 10 13 2 13 10 14 5 6 13 20 2 8 7 6 14 11 9 7 9 4 2 6 13 6 0 2 2 6 0 15 5 18 5 14 8 0 17 14 9 4 18 9 11 14 9 4 7 9 15 13 5 12 6 2 14 19 9 8 19 11 9 20 16 14 13 4 8 19 8 4 9 0 19
3 4 0 6 12 13 15 7 19 8 0 13 4 1 5 19 6 4 15 13 3 6 9 9 18 2 7 0 0 3 8 15 9 19 4 8 12 2 9 7 0 17 17 3 9 15 17 1 8 8 7 19 18 3 12 19 0 15 15 5 4 11 12 4 16 1 7 6 10 20 10 11 10 18 0 1 11 8 18 5
20 0 15 19 9 0 1 2 4 7 18 6 13 10 20 1 0 6 5 0 9 7 16 13 10 13 6 2 16 14 20 3 19 15 12 16 5 13 8 3 8 8 20 20 14 16 9 16 7 14 9 13 15 9 15 4 13 10 19 14 19 16 4 16 11 1 6 18 14 3 16 7 18 10 2 16 16 2 11 4
3 4 14 0 15 16 4 15 6 7 17 9 5 5 20 20 4 18 14 20 20 15 7 7 19 13 18 6 0 0 15 17 15 18 8 2 13 8 11 13 12 19 11 12 6 0 3 1 14 20 7 1 14 18 11 17 15 9 5 3 17 10 2 17 14 19 17 5 7 20 15 5 16 4 17 18 12 10 16 9
19 3 10 13 5 3 1 3 6 4 3 15 4 17 3 17 16 10 3 9 9 0 6 6 11 10 17 8 17 5 11 4 4 12 11 10 15 9 14 19 6 12 13 18 17 8 0 7 12 14 15 14 11 11 4 13 3 4 18 20 13 7 3 6 10 7 3 8 2 0 6 9 20 18 5 20 19 8 11 17
7 14 13 17 8 3 10 12 10 17 14 11 12 11 7 6 17 10 9 12 0 18 10 3 7 0 12 7 11 18 9 7 14 19 5 17 4 17 4 5 13 14 17 10 6 12 15 14 12 3 2 12 16 8 14 3 14 20 1 8 8 13 4 4 0 2 1 15 12 15 11 19 2 19 5 8 10 19 0 6
9 2 14 0 13 9 5 10 7 18 13 12 12 15 11 12 9 2 2 18 10 7 16 16 7 1 11 18 11 1 3 8 9 10 6 18 13 20 12 8 6 10 1 13 13 0 0 18 2 2 11 3 6 18 7 5 16 16 2 5 2 12 3 7 19 20 20 19 14 0 15 5 5 10 2 15 4 17 2 9
3 15 8 10 18 10 9 8 12 16 6 9 1 17 0 6 17 8 19 14 10 7 12 3 5 3 4 12 16 6 7 19 17 7 3 16 1 11 12 14 1 18 3 11 2 2 20 2 5 4 8 5 12 0 3 7 15 18 3 3 7 17 19 2 18 16 8 18 5 19 16 14 0 16 0 13 15 2 7 20
4 15 2 10 4 1 0 20 4 15 0 17 19 0 5 17 2 3 17 10 4 2 14 14 2 1 18 12 1 5 17 19 14 7 13 4 17 11 6 15 2 13 17 12 17 5 18 15 10 14 8 2 9 6 13 18 3 4 17 13 18 6 3 7 5 3 14 10 20 19 8 20 4 3 10 16 20 3 6 11
10 2 7 13 1 6 8 12 13 3 5 1 8 10 20 7 12 14 10 11 14 14 10 11 3 4 0 9 19 0 20 11 2 17 19 11 8 5 19 5 8 12 1 1 9 8 11 2 5 5 18 12 20 2 4 3 9 11 20 3 15 12 18 17 18 12 5 18 17 10 8 2 20 13 20 15 11 4 2 11
13 18 16 12 0 3 5 15 11 18 4 18 14 15 17 15 6 17 15 1 4 12 5 14 10 5 12 10 9 9 11 6 6 12 18 20 13 2 0 15 14 8 15 18 1 9 19 19 14 5 15 1 3 3 13 1 14 9 3 8 2 13 5 11 17 10 1 1 10 14 4 18 10 2 14 16 12 4 20 15
1 4 13 12 17 18 0 20 3 13 4 6 0 1 11 20 4 17 14 15 17 6 11 13 11 8 4 5 8 15 13 14 20 11 15 19 19 1 6 6 9 9 4 20 20 1 12 10 18 2 15 18 13 6 5 17 0 11 15 8 9 4 1 9 13 9 6 19 2 1 1 0 10 10 15 5 6 3 9 10
15 1 15 18 13 4 11 16 4 5 19 20 8 15 6 5 1 14 2 11 14 8 4 9 0 14 11 9 5 11 6 18 18 16 1 0 11 16 2 18 3 11 20 9 13 16 3 10 14 9 18 13 2 14 3 15 9 12 14 13 11 1 19 0 2 7 7 17 1 1 7 20 0 7 15 16 2 19 0 4
15 0 3 16 11 6 5 10 12 8 19 18 0 16 19 7 2 3 1 9 9 20 17 12 14 20 6 19 9 10 2 9 17 7 8 13 0 16 12 8 16 9 1 18 20 12 6 8 19 10 14 8 18 11 12 7 1 19 9 11 7 16 4 0 16 10 13 19 16 11 11 4 14 6 0 18 14 18 9 14
13 5 15 4 12 5 20 15 20 18 10 0 17 12 14 0 12 5 3 6 19 9 16 15 20 19 19 18 7 6 18 18 20 8 13 20 0 9 2 18 3 0 6 15 0 19 14 9 16 0 7 16 9 4 15 15 8 4 1 15 4 7 19 10 4 7 20 7 14 10 0 9 17 20 2 7 10 14 18 2
1 1 7 8 4 7 17 6 17 20 6 6 9 7 3 17 2 6 13 1 13 0 14 9 19 3 1 9 7 5 20 6 11 15 5 4 20 14 4 0 8 20 12 15 18 10 8 15 17 2 1 10 8 19 11 13 14 13 19 17 13 4 0 7 14 13 4 8 10 2 1 18 11 9 15 9 6 16 8 7
15 10 13 17 19 2 11 2 20 16 2 16 18 18 16 17 5 2 2 12 19 5 11 12 1 1 18 16 1 9 18 13 20 7 0 20 18 9 1 20 19 3 20 17 9 16 5 12 20 9 12 12 16 17 4 19 2 3 4 20 1 9 14 19 2 14 19 8 5 17 12 10 12 17 5 4 8 7 20 14
15 4 18 16 13 0 0 8 6 20 6 10 10 1 10 20 4 12 17 7 3 13 18 18 0 7 16 10 7 17 20 9 0 3 20 18 9 9 8 6 9 14 0 7 13 4 5 14 3 13 6 0 8 4 20 1 18 8 17 10 12 11 14 2 15 8 9 8 20 14 8 0 13 3 16 14 11 11 2 18
0 17 3 2 14 15 15 16 13 5 19 18 13 5 2 8 16 2 13 10 12 19 20 19 15 10 8 13 14 10 2 20 1 7 9 2 12 8 20 8 13 9 10 14 3 13 3 13 20 20 13 3 6 20 13 0 15 5 8 3 14 17 9 12 0 9 6 5 12 8 20 18 5 3 1 13 18 12 17 14
15 4 8 5 5 17 4 19 7 0 10 13 2 18 9 4 16 9 12 12 20 16 14 19 4 17 12 0 5 5 11 10 2 18 2 20 10 16 4 4 19 12 10 20 7 11 3 16 2 15 20 5 8 9 14 11 3 11 1 17 9 8 10 1 3 12 1 17 17 1 5 6 19 11 12 5 16 1 0 5
6 5 9 12 9 14 7 7 14 11 5 5 13 7 7 19 6 4 20 14 5 0 4 13 18 17 10 4 15 5 20 5 3 20 0 6 2 11 0 10 14 17 18 18 10 18 11 7 6 17 14 8 17 4 10 0 9 16 16 5 13 7 12 17 5 15 4 14 20 13 11 10 5 5 0 12 4 13 2 13
20 18 4 18 9 1 9 7 9 17 1 4 15 16 20 5 16 10 16 0 5 12 5 4 4 4 5 12 2 10 15 15 17 7 10 8 16 13 8 7 14 7 7 13 11 19 2 12 5 17 13 5 9 3 10 13 1 18 2 11 18 20 4 16 9 18 7 19 4 9 1 14 3 5 13 16 20 6 8 17
2 9 3 6 11 5 17 9 17 17 2 13 10 13 20 0 14 20 20 15 20 14 19 0 20 17 5 4 10 1 7 16 16 16 0 0 18 20 14 15 17 11 1 10 8 5 15 6 0 8 7 6 19 15 11 0 8 20 7 4 19 0 10 2 8 14 10 14 11 2 16 12 2 7 2 4 4 6 16 16
9 2 4 18 4 11 6 18 2 18 5 17 13 13 1 15 3 7 7 8 5 3 6 0 13 16 0 11 1 5 7 0 16 4 1 15 13 15 20 16 19 19 5 4 7 7 15 7 2 18 12 16 9 13 3 6 12 6 0 14 18 9 10 17 1 17 18 15 7 10 0 9 11 0 19 6 17 10 13 4
13 14 13 15 6 14 6 14 16 13 18 10 11 4 4 1 3 4 7 15 8 2 15 11 8 15 10 14 19 3 11 8 9 11 7 0 0 19 1 10 9 2 18 10 15 0 4 3 18 12 16 20 19 7 4 2 9 0 17 8 20 8 12 16 16 1 5 1 8 14 13 11 18 11 1 12 15 0 18 12
9 0 8 4 1 15 16 2 14 11 11 6 4 11 6 11 12 13 0 10 14 0 9 12 11 2 14 7 16 16 10 15 0 9 16 18 1 7 7 16 0 16 13 20 17 10 16 3 10 7 7 17 14 5 14 6 19 13 20 17 14 19 13 17 1 1 0 8 17 19 12 16 4 1 5 20 3 9 19 19
3 20 15 5 12 16 17 1 4 16 8 17 2 19 15 1 4 12 16 6 16 5 18 4 6 17 8 4 20 9 10 5 17 8 11 0 8 8 17 17 15 10 4 15 16 13 4 15 7 13 16 11 10 7 5 6 18 10 5 19 17 17 17 11 6 12 12 16 4 20 17 1 5 11 10 2 11 14 11 1
14 12 3 11 2 9 5 2 20 5 16 20 9 2 6 3 14 16 9 16 19 12 9 12 8 18 13 8 12 13 16 1 17 16 14 19 7 0 14 3 15 7 11 15 3 20 3 16 5 3 12 7 4 10 6 10 4 15 0 7 9 0 17 14 15 4 0 6 15 16 15 3 7 13 16 1 17 4 12 2
17 12 3 1 2 12 1 18 12 8 10 10 18 7 5 2 6 2 9 14 3 15 0 15 16 12 14 14 3 19 8 6 10 2 15 9 9 20 13 20 8 0 10 5 2 9 8 1 20 19 7 15 18 5 19 20 2 20 5 5 1 20 13 16 12 13 17 20 10 17 14 5 0 14 13 2 20 1 17 1
19 15 6 14 20 14 0 11 8 2 8 17 1 2 0 3 17 19 8 14 0 0 19 8 11 5 18 4 17 1 5 16 10 16 18 7 11 15 19 11 11 7 4 7 19 0 10 20 9 9 1 12 8 13 11 3 1 20 2 7 3 11 2 9 14 12 4 4 6 12 12 8 6 10 13 16 6 5 10 1
8 3 14 2 18 4 15 17 15 7 16 11 11 10 14 6 12 3 7 13 19 9 14 5 18 6 7 16 6 13 15 5 6 13 7 7 3 8 3 8 1 16 1 3 7 9 20 6 1 14 7 1 9 19 15 20 19 11 0 7 7 1 1 18 16 10 19 4 19 17 7 14 17 15 10 16 17 1 15 6
5 11 3 4 8 12 5 9 3 6 4 6 12 16 7 5 14 13 6 4 4 11 2 14 20 19 4 7 2 1 9 7 0 1 9 12 0 6 12 19 18 5 8 12 14 4 20 11 3 1 3 3 12 3 7 1 8 0 1 12 15 4 14 13 12 6 12 19 4 11 11 13 14 5 3 15 10 17 7 19
20 1 3 5 11 6 12 2 19 5 15 2 17 6 3 12 20 1 13 19 8 19 5 15 3 18 11 5 0 1 6 6 12 13 20 6 12 20 10 14 4 8 1 20 14 8 0 6 19 10 14 2 3 10 15 11 5 6 17 6 19 6 4 2 15 11 13 0 7 0 19 3 15 19 20 8 14 8 2 12
19 11 14 0 0 10 2 2 3 5 4 13 17 14 3 11 13 20 4 2 11 0 5 8 4 14 2 0 13 18 12 7 4 14 5 19 9 13 18 4 15 5 12 10 5 13 13 7 19 13 6 8 9 19 10 12 18 12 13 4 2 4 13 7 20 9 19 6 4 15 1 6 16 20 15 5 2 4 19 3
18 6 17 13 10 2 15 1 9 17 3 3 17 1 13 5 6 20 20 6 7 5 4 14 7 12 9 6 17 1 18 7 12 18 6 3 12 1 18 11 20 16 11 15 6 12 13 4 19 12 19 15 3 5 0 14 5 2 10 8 3 20 15 19 10 8 3 20 15 2 20 15 15 10 7 14 13 11 9 3
13 16 16 19 12 20 13 19 12 11 19 6 14 4 20 20 11 12 2 3 14 16 6 3 19 0 12 20 12 15 12 13 20 10 10 8 7 5 0 6 3 19 6 13 19 5 5 10 8 15 4 15 15 2 17 17 8 13 11 16 6 5 2 17 4 7 18 16 15 17 0 5 2 1 7 1 7 17 19 6
7 11 20 14 0 3 14 13 12 19 15 3 19 2 18 0 5 13 13 2 20 13 2 17 3 19 6 16 17 14 6 10 4 5 0 7 15 1 19 11 9 20 19 16 9 18 8 10 9 11 6 14 6 2 6 14 20 4 1 5 7 3 10 17 19 17 14 19 2 6 6 13 16 2 13 11 20 16 0 6
6 8 10 13 15 18 1 3 11 12 16 11 2 0 5 4 13 8 6 13 10 13 19 12 20 10 13 19 9 8 1 20 5 7 16 4 3 2 7 16 20 1 10 17 1 6 4 19 7 12 12 15 11 14 13 2 15 17 1 3 20 0 11 16 11 13 6 17 8 20 14 12 4 8 9 16 7 20 14 7
10 15 20 10 19 14 15 0 10 17 8 10 17 4 9 13 16 19 20 4 20 2 8 19 3 2 7 6 15 4 4 16 9 6 11 19 15 11 3 20 20 6 8 20 9 11 8 0 1 16 17 7 15 7 17 17 1 1 4 11 16 6 17 12 11 9 17 1 16 8 9 5 16 8 17 16 3 0 9 8
6 7 0 8 19 5 4 12 9 2 5 1 1 5 12 8 8 3 7 10 14 15 3 12 0 14 2 1 5 19 12 2 13 2 0 17 20 7 2 14 8 15 12 10 0 5 2 11 1 0 4 4 15 5 3 15 8 8 1 9 11 20 5 7 7 14 13 5 3 19 20 7 20 0 15 12 11 1 4 19
17 0 20 11 19 15 8 14 17 8 7 6 0 2 18 13 18 9 12 16 10 7 19 9 1 8 3 10 20 3 12 10 5 11 1 18 15 19 5 5 11 9 12 6 10 19 19 11 10 17 17 9 16 10 5 5 2 4 7 18 1 1 17 3 10 17 10 6 18 0 14 1 8 7 20 15 4 9 4 16
1 4 12 4 5 0 12 17 14 1 17 3 10 0 6 8 15 20 9 4 15 20 16 6 7 19 3 0 19 19 4 3 3 7 9 2 20 18 20 8 19 4 1 11 7 7 15 6 9 2 8 12 8 1 12 18 11 16 17 8 14 17 3 17 1 5 5 12 15 3 19 16 11 12 1 15 2 17 6 19
8 7 12 8 6 0 1 9 13 6 1 16 16 10 3 14 18 10 11 8 4 18 1 10 0 0 11 4 15 15 1 2 0 8 18 16 3 6 0 6 16 16 8 4 9 14 10 13 12 4 0 13 6 16 0 17 3 11 3 9 18 1 12 20 15 4 12 10 11 12 5 1 3 2 11 6 15 6 17 20
16 7 19 3 10 17 4 7 16 13 13 10 13 8 13 3 10 19 10 0 5 0 10 14 12 15 6 19 16 20 16 20 14 19 19 8 16 7 10 12 5 5 10 8 10 18 16 9 13 7 15 14 18 6 14 0 3 18 13 10 11 0 7 0 9 9 2 2 20 4 5 7 17 12 2 14 5 7 7 6
15 2 1 20 2 6 4 3 11 17 7 20 7 20 1 10 0 4 7 13 20 19 14 19 11 19 18 2 0 1 17 18 10 5 19 10 11 7 17 2 5 17 16 8 19 15 14 9 18 15 16 20 12 17 18 1 15 14 14 13 12 7 15 1 4 4 12 8 15 12 16 16 3 12 6 8 13 7 11 20
8 19 11 6 18 6 4 15 6 1 14 20 11 14 12 2 12 16 5 2 3 0 3 7 7 0 19 18 16 17 12 12 20 6 14 3 19 18 17 16 14 14 14 7 5 1 5 3 18 13 11 19 8 8 12 3 16 20 4 1 10 5 0 6 6 11 2 5 14 8 19 9 9 20 2 17 6 4 3 13
16 19 14 12 16 1 18 4 4 12 3 14 2 8 4 1 18 8 15 4 17 7 15 3 17 6 1 16 20 18 4 0 17 4 2 5 13 8 0 12 5 16 2 3 10 0 20 6 2 20 16 0 15 3 0 9 18 2 15 12 14 11 8 0 15 3 11 19 0 1 12 17 15 11 8 3 5 2 3 17
20 2 5 4 6 1 12 10 7 17 3 4 17 6 15 17 3 2 17 19 4 10 14 13 5 11 17 6 5 14 17 15 14 3 17 11 2 20 3 4 5 6 7 7 11 4 1 6 2 5 3 6 3 2 20 19 1 3 13 18 10 3 7 6 11 20 4 18 16 18 20 20 6 16 17 18 10 5 5 11
8 13 1 9 12 5 15 16 12 20 5 2 3 12 1 8 10 19 1 12 7 2 19 9 0 17 14 2 4 3 19 4 4 1 14 19 10 14 11 1 12 19 13 10 3 1 6 16 14 8 4 12 7 6 19 14 20 2 2 16 13 4 15 17 7 15 17 7 3 18 8 7 19 16 10 11 3 4 10 8
10 6 1 16 1 5 12 14 4 17 14 9 12 7 19 18 9 11 4 15 14 13 9 12 14 19 6 0 10 18 14 5 8 0 4 6 8 7 6 6 12 12 13 15 19 2 20 18 13 1 3 0 12 14 15 12 20 3 1 12 15 18 19 19 16 0 18 18 6 9 16 6 17 18 19 6 11 10 1 17
1 4 1 15 12 15 12 6 18 9 13 18 3 17 16 20 4 7 14 5 7 9 9 7 16 15 9 3 0 11 14 20 12 11 4 1 6 9 16 8 7 9 5 0 18 3 19 15 8 18 3 3 12 7 11 1 10 12 13 13 13 17 12 11 5 8 16 18 3 13 11 16 20 11 13 14 12 18 0 11
2 17 10 7 14 10 4 16 10 14 19 17 0 15 9 10 0 11 19 18 9 20 11 1 15 10 17 20 0 15 10 17 0 19 8 2 3 10 20 12 19 17 5 14 12 7 15 11 15 3 1 8 13 19 15 4 14 2 4 16 0 13 10 1 4 19 10 1 2 2 3 17 0 17 12 4 19 8 1 7
9 1 15 3 10 14 18 15 18 12 17 14 4 1 13 5 16 6 16 7 5 0 9 16 13 0 14 3 11 1 6 15 2 13 17 19 13 2 4 20 19 3 2 3 8 16 18 4 18 20 6 19 17 1 6 4 16 12 7 3 2 15 19 10 0 10 0 5 3 5 16 12 8 10 9 16 20 2 20 5
0 12 1 14 17 16 14 12 12 17 7 14 15 5 9 6 6 9 0 11 19 11 18 1 7 18 3 8 5 19 5 19 2 9 5 13 1 11 3 3 2 18 17 10 15 7 15 7 4 17 13 2 6 15 0 6 14 4 5 11 3 8 16 15 14 12 16 9 11 4 14 14 14 7 13 14 15 11 15 10
15 13 7 2 8 19 4 5 6 7 4 11 18 3 8 18 13 16 1 20 11 18 4 4 3 10 17 19 1 14 14 20 9 10 19 20 7 13 16 17 0 8 15 4 1 4 2 16 1 14 14 8 4 18 1 4 12 4 16 7 9 17 11 16 17 16 16 16 15 16 15 10 9 5 10 20 16 17 4 15
0 6 15 6 7 18 15 1 20 11 17 20 11 9 9 13 16 8 20 15 12 15 6 14 17 2 17 2 19 8 12 5 9 5 19 2 12 7 17 10 6 7 2 10 3 19 10 9 15 12 4 4 9 0 13 4 14 1 20 1 15 11 4 12 13 12 15 4 8 13 14 12 0 5 11 15 4 16 16 3
14 20 17 12 14 5 0 4 5 1 0 10 19 1 15 1 11 5 12 11 19 17 12 16 8 17 14 12 20 11 2 9 11 4 17 17 0 16 4 8 5 20 4 20 14 5 19 4 16 7 11 4 11 13 5 0 3 12 0 19 12 19 12 10 4 8 8 3 8 16 18 10 4 0 3 6 17 18 17 12
13 0 7 6 9 9 17 5 7 5 13 2 13 11 11 15 16 0 3 1 10 4 3 15 19 20 10 19 9 9 2 14 19 17 16 12 9 16 1 12 16 14 16 0 16 2 2 5 17 8 9 15 17 16 13 4 13 1 2 4 14 6 8 20 12 18 19 6 1 4 11 2 16 6 15 13 12 9 1 7
15 0 1 2 19 17 12 15 11 9 3 6 11 0 1 5 6 12 1 15 13 14 12 11 10 16 9 7 19 2 6 17 5 6 14 5 13 15 1 11 19 11 15 6 12 1 20 11 10 20 14 14 12 11 7 15 11 19 11 11 16 13 5 13 14 6 1 12 11 3 20 13 19 3 16 0 9 3 15 8
3 13 10 12 18 7 2 7 14 18 3 15 10 7 7 16 5 20 9 1 4 19 15 6 2 4 11 17 3 16 18 7 15 9 10 4 10 0 3 1 7 19 19 3 20 5 15 1 10 5 0 8 1 4 13 5 7 14 3 19 1 15 10 19 17 7 7 5 0 4 3 12 2 15 1 5 16 3 11 20
16 13 13 13 6 12 15 17 4 2 4 12 12 5 19 17 3 2 3 9 14 2 12 11 16 0 1 19 5 7 11 4 7 10 3 2 2 9 10 1 16 15 8 2 18 7 19 4 11 0 9 19 3 17 16 11 7 0 7 18 18 16 0 14 19 18 17 8 9 16 8 6 16 9 0 5 14 11 10 6
5 1 14 0 6 17 15 3 2 12 18 19 10 6 14 10 13 13 19 5 19 19 3 13 7 18 9 17 20 17 4 9 18 14 10 14 13 13 16 3 1 18 0 8 11 20 10 7 17 13 4 13 17 3 16 7 15 12 7 12 10 4 13 4 14 2 1 0 15 2 1 13 10 19 10 0 0 0 5 9
20 12 19 3 20 12 16 5 17 19 6 18 7 8 10 17 2 19 2 5 11 10 0 10 3 19 17 7 9 0 3 4 0 20 3 11 0 15 18 9 7 18 3 16 17 10 14 20 7 2 3 6 18 16 7 20 16 13 12 5 4 20 18 11 0 17 9 11 6 17 4 2 14 16 4 3 10 0 18 12
5 12 4 5 18 17 9 14 19 4 6 8 3 7 4 7 15 9 16 1 11 17 14 2 16 4 10 6 15 4 15 5 5 19 7 11 2 20 16 12 6 18 3 2 8 16 13 0 16 9 1 19 15 17 2 17 0 5 15 3 9 6 18 20 7 11 12 12 17 2 11 19 8 19 6 6 6 15 15 6
5 7 8 19 7 6 8 19 10 10 18 2 12 2 4 17 0 5 7 17 0 16 2 10 7 2 4 9 19 18 8 13 20 14 5 17 18 5 10 0 13 3 11 11 5 18 19 20 4 19 9 20 20 2 5 12 3 2 17 20 10 13 12 1 12 6 0 7 12 8 15 3 9 0 13 20 13 9 2 3
9 9 18 10 6 3 9 9 8 5 15 3 11 4 18 20 10 3 17 15 8 18 6 20 15 5 5 8 3 5 14 8 14 11 12 12 3 13 20 13 16 5 5 4 14 1 12 16 15 10 17 20 8 18 15 17 18 4 14 7 10 9 5 13 4 20 13 9 20 10 11 9 10 18 0 19 9 4 13 5
2 14 6 4 11 4 17 17 18 7 17 4 8 2 4 13 1 9 7 14 4 8 8 5 12 5 0 10 3 6 5 4 4 5 7 10 14 14 3 8 15 14 17 9 7 17 6 18 2 17 9 17 4 4 19 16 7 14 15 3 13 18 4 2 13 9 17 19 13 8 10 15 5 9 10 2 20 7 10 7
20 8 18 7 0 13 10 18 12 10 18 13 4 7 7 2 17 13 12 11 13 3 13 16 11 16 13 12 14 8 15 8 2 9 8 19 4 1 13 7 5 13 16 15 20 20 0 15 20 5 10 4 20 9 5 19 6 16 9 1 1 10 2 3 2 5 1 12 14 20 20 15 20 0 0 13 8 1 19 20
20 1 17 18 19 14 10 12 20 13 10 4 14 10 5 19 17 11 0 1 1 8 7 12 11 3 12 5 3 2 16 18 4 19 8 18 18 13 10 20 15 5 14 17 5 2 8 2 1 4 2 8 3 17 17 1 7 8 3 11 15 15 6 10 11 4 18 20 8 17 15 14 19 3 8 1 9 19 14 9
2 20 15 1 1 2 18 1 4 19 12 19 6 11 3 16 12 20 11 17 5 19 16 1 16 7 9 4 6 1 14 1 4 8 15 8 15 18 20 5 0 19 1 10 9 15 9 16 11 15 9 18 5 6 3 13 19 15 4 5 13 8 6 20 0 1 12 18 8 13 20 1 11 2 20 13 3 15 13 0
18 10 5 7 16 14 6 2 0 2 9 14 14 15 8 12 10 2 8 2 8 6 20 14 14 8 1 12 20 9 8 16 6 14 13 16 13 0 3 13 13 9 7 10 14 19 3 8 18 0 7 18 9 14 6 4 19 6 13 15 3 17 20 17 13 14 18 10 17 6 10 20 14 14 13 13 5 16 10 6
10 20 3 15 16 1 4 20 18 2 18 18 10 3 13 18 18 7 10 18 4 3 11 11 2 19 9 20 0 0 14 19 6 0 12 10 8 12 3 7 20 16 7 1 9 1 20 1 17 12 13 2 12 20 8 6 16 3 3 9 3 3 18 0 13 14 8 0 20 9 17 2 14 16 13 12 16 7 19 14
5 4 9 10 17 12 8 2 18 12 8 8 12 4 15 7 12 4 18 12 10 20 18 11 4 7 12 14 16 9 8 20 4 19 1 0 17 1 10 12 12 3 3 5 14 14 3 11 17 8 10 14 3 5 11 16 10 17 14 12 12 3 6 17 16 11 16 9 2 6 8 15 14 7 18 6 5 10 10 13
16 20 8 2 18 7 12 10 9 16 19 4 16 3 7 15 17 2 1 2 12 10 1 9 12 15 14 16 20 3 5 14 1 19 17 18 19 15 11 14 4 15 9 9 3 8 9 20 7 0 7 1 8 11 14 7 17 19 12 17 0 12 18 19 19 2 14 0 8 11 12 4 19 20 18 10 7 11 16 7
12 15 9 15 10 10 3 3 19 10 11 6 4 7 8 20 12 18 8 20 3 11 17 5 2 3 0 9 12 1 18 15 8 19 8 14 6 16 12 3 4 1 4 9 4 3 13 16 19 3 1 8 17 0 10 16 5 14 19 14 14 7 11 13 2 17 10 3 5 12 19 5 11 14 2 20 11 6 15 8
14 11 14 9 16 10 11 6 9 10 10 5 4 1 19 3 9 7 17 12 2 14 11 7 3 5 15 2 10 13 16 4 8 0 2 11 11 2 7 6 6 4 17 9 19 7 15 20 1 1 0 20 12 3 18 3 8 17 3 14 17 11 19 8 2 2 11 8 13 6 10 18 11 8 18 11 16 15 11 19
11 1 17 16 17 5 11 16 7 11 0 9 15 16 12 0 8 1 9 17 2 1 8 18 3 17 11 8 0 15 18 11 10 20 1 8 17 15 12 14 0 7 17 10 20 17 14 11 17 6 19 0 5 20 0 9 4 20 10 16 18 1 0 0 17 15 11 12 8 16 0 0 15 12 19 3 3 17 10 1
12 13 3 12 18 8 9 6 18 0 18 15 4 10 13 12 8 12 15 10 7 4 1 10 4 7 18 3 10 7 7 1 16 4 8 9 11 19 0 8 14 11 11 15 8 18 17 9 3 11 14 8 7 18 1 17 12 1 13 18 18 8 2 11 17 16 5 19 18 12 12 9 7 16 11 8 8 7 12 7
20 14 17 4 0 2 7 3 14 19 5 1 15 13 7 20 5 10 5 4 10 0 12 8 0 13 20 2 13 12 3 10 3 11 10 7 9 19 11 18 8 5 18 7 19 20 3 0 4 5 19 4 0 5 20 15 17 13 18 6 13 11 5 17 9 6 16 17 16 9 3 5 18 16 8 9 8 15 17 3
14 14 4 3 0 2 12 3 8 7 5 5 19 19 7 20 20 8 0 16 18 1 18 8 13 5 14 2 12 16 9 2 9 19 12 15 12 4 9 0 1 13 7 16 5 17 15 2 5 7 18 6 4 3 13 7 12 7 11 16 7 12 9 10 9 12 19 3 6 20 10 15 20 20 0 5 3 12 6 13
20 8 5 7 20 16 8 0 19 17 10 17 0 17 15 11 18 9 13 19 7 9 13 3 4 17 15 10 8 20 19 8 12 7 11 1 1 3 2 1 18 3 18 20 6 12 3 10 17 15 8 5 11 4 13 17 11 6 10 11 0 16 7 18 6 6 4 8 19 4 4 17 14 2 3 3 13 6 11 1
11 19 14 20 18 19 20 1 14 12 20 19 19 12 1 17 19 16 6 11 5 3 3 11 8 17 15 10 14 15 19 19 16 8 1 18 5 9 11 10 18 9 8 7 11 8 19 19 6 6 20 0 15 2 19 17 12 8 15 5 11 1 15 4 15 11 15 3 11 8 7 8 6 16 20 18 5 14 8 1
3 10 10 2 12 5 4 20 8 15 15 11 0 10 3 8 9 14 13 5 16 6 4 0 16 13 10 11 20 12 10 20 19 9 20 1 2 0 7 6 1 2 15 18 20 4 13 11 20 3 14 8 3 7 11 19 6 18 12 9 11 4 8 16 17 11 5 8 20 8 15 14 12 3 3 4 17 14 6 2
14 11 18 7 15 0 18 20 10 10 2 4 3 7 9 9 9 19 8 3 1 15 11 10 13 20 6 18 13 9 16 11 6 16 3 15 12 12 2 10 4 7 4 13 18 16 3 13 6 11 2 14 5 12 4 18 4 6 8 7 8 20 19 15 10 1 15 12 4 5 3 10 20 2 9 4 7 19 4 4
17 20 4 15 4 14 20 12 12 5 10 6 16 18 15 7 6 1 7 20 4 12 12 1 16 17 16 2 4 9 3 3 19 14 16 14 5 12 6 10 13 14 11 4 20 9 10 19 0 10 14 18 0 9 9 0 16 4 16 19 19 6 1 7 19 9 3 20 2 12 18 5 7 19 15 4 5 9 1 5
20 12 15 7 16 2 17 3 11 14 20 2 1 6 7 5 18 20 10 5 14 1 10 3 12 10 17 15 14 12 16 15 13 1 16 18 12 8 13 9 3 12 12 5 13 15 3 15 4 6 8 4 4 13 2 1 17 18 6 3 17 10 20 16 0 6 8 7 15 13 3 12 0 0 17 8 10 19 11 2
6 12 18 13 15 18 10 15 10 17 11 2 14 17 5 15 4 12 12 15 20 8 10 11 14 14 0 11 2 5 17 20 4 20 10 0 19 18 9 12 15 20 14 10 17 3 11 19 18 0 6 9 8 0 0 1 14 3 19 12 6 14 15 12 9 16 4 7 3 2 15 11 0 3 11 9 9 8 8 16
17 6 9 16 9 5 10 20 17 1 3 1 2 4 10 1 0 12 4 3 14 3 16 3 14 3 5 13 3 17 0 18 19 6 2 1 18 1 18 14 7 8 17 18 0 7 19 2 0 10 10 19 2 6 7 4 11 2 1 9 3 10 19 14 0 10 3 16 14 20 2 15 2 18 8 18 12 18 10 10
14 7 12 3 13 10 1 5 14 10 14 16 2 3 8 3 9 6 9 16 0 7 9 3 8 12 19 2 15 15 2 5 9 1 18 2 20 3 10 15 14 0 3 17 11 6 6 2 13 18 20 15 2 19 20 17 1 14 11 2 16 11 12 0 14 6 15 4 11 7 4 10 14 3 10 9 20 3 9 1
12 17 16 10 20 12 13 4 20 7 6 12 20 14 0 4 10 6 13 1 14 19 3 18 12 3 11 3 2 16 2 6 18 4 13 19 19 10 11 19 18 11 18 16 13 20 18 8 0 18 3 9 20 12 7 7 0 6 15 4 6 6 6 18 16 0 7 13 17 6 20 10 1 5 20 3 14 8 0 18
8 12 9 7 2 19 1 2 12 12 13 6 8 15 15 18 9 1 6 14 11 13 11 17 1 20 9 5 5 1 0 9 4 16 3 5 1 17 7 16 14 7 9 8 18 9 19 13 3 1 9 16 7 5 16 12 9 18 11 8 0 15 5 12 2 1 4 8 10 8 1 9 11 0 7 20 13 9 16 7
106 146 533 734 803 826 466 451 83 629 740 745 112 766 815 474 517 758 982 944 503 986 351 363 395 221 813 994 201 498 232 189 721 710 621 206 468 822 512 539 366 561 842 15 822 381 990 269 167 910 741 899 859 635 14 804 194 239 562 380 879 791 20 858 225 394 133 95 930 167 852 222 396 695 881 203 864 688 514 437
430 721 355 403 993 701 608 500 199 328 803 646 800 330 965 693 307 137 511 137 740 248 904 993 648 861 126 575 745 626 369 407 612 983 821 798 411 411 58 279 2 75 723 831 914 833 726 720 563 999 146 810 868 176 67 743 865 988 204 797 2 687 321 381 512 174 658 262 185 410 599 813 962 996 917 5 636 881 409 312
690 910 29 153 746 517 129 145 593 612 612 510 608 254 176 366 866 15 193 97 839 41 74 68 583 570 850 1000 269 933 908 521 797 67 239 924 111 715 58 85 495 431 243 476 276 414 718 180 852 229 279 653 975 77 206 99 982 775 307 765 824 988 367 161 595 516 368 325 271 998 989 406 901 920 858 329 166 858 316 405
598 5 196 125 703 688 190 274 870 331 955 378 715 197 846 712 347 673 681 562 85 861 948 922 144 370 84 964 655 501 391 248 763 255 325 24 61 340 146 874 349 800 430 41 985 736 941 470 8 987 969 447 938 356 136 661 518 911 716 200 67 803 667 9 206 63 313 931 978 303 196 226 404 177 630 959 83 772 114 175
215 469 913 532 727 451 332 81 608 785 679 523 333 473 770 140 737 340 638 577 150 784 713 452 921 403 93 370 700 432 772 800 838 997 530 329 386 190 812 201 912 545 59 470 146 461 498 628 267 525 9 509 908 756 707 649 33 873 115 600 459 45 765 755 157 589 783 389 367 328 996 77 783 887 413 328 576 264 496 394
954 887 119 737 161 72 538 846 209 561 753 377 833 519 899 363 658 952 177 337 456 992 842 105 711 244 779 710 860 550 575 543 328 472 699 385 257 399 919 165 309 204 15 635 261 97 241 216 301 17 90 825 560 614 312 517 463 351 319 370 340 380 359 942 948 708 460 359 1 265 397 624 749 867 745 516 248 804 436 132
706 369 275 397 233 17 48 350 677 990 215 776 252 642 31 748 59 400 78 333 590 639 451 657 463 811 507 206 344 655 117 993 674 558 884 970 833 394 457 667 134 866 152 326 642 602 881 177 305 458 285 375 357 785 675 835 650 579 89 796 25 268 860 326 478 79 839 491 470 866 766 20 37 660 373 9 840 566 73 343
99 918 701 826 843 247 828 345 998 42 12 267 585 317 171 385 428 890 964 739 1 680 427 900 166 5 396 859 869 426 421 459 946 769 835 878 307 236 848 673 204 793 529 790 72 587 190 282 784 397 602 921 862 40 987 239 779 106 336 405 259 169 323 453 854 135 227 227 937 961 785 347 141 358 553 45 623 78 399 91
137 387 686 192 707 687 704 756 144 733 407 568 476 813 998 157 534 207 322 128 735 488 781 280 940 414 441 881 212 564 356 449 324 139 799 994 44 695 619 442 919 205 879 377 968 121 376 996 954 291 330 579 727 110 27 791 764 211 344 804 291 411 669 948 356 297 490 781 186 871 173 738 151 997 612 73 152 684 792 894
811 289 243 166 753 925 281 940 871 549 117 116 703 131 701 542 768 587 838 12 952 466 120 415 156 660 108 80 326 534 308 188 621 456 966 292 646 788 704 273 571 744 758 758 651 391 936 208 165 428 938 634 257 184 364 906 64 328 244 609 866 782 771 28 594 770 294 652 874 435 78 431 706 453 15 473 321 369 534 512
846 283 963 466 417 251 15 298 634 119 355 381 611 971 185 502 99 332 131 279 331 592 730 133 704 888 351 461 350 402 124 336 860 868 244 300 905 573 698 661 199 327 318 213 755 84 546 696 216 570 148 808 771 402 517 763 483 568 768 760 322 297 172 407 64 194 669 512 119 279 900 37 3 295 393 648 855 114 932 260
448 670 726 576 906 218 44 567 364 165 511 262 988 873 67 384 842 871 677 555 854 996 509 254 232 951 336 215 927 938 770 562 830 582 799 419 416 385 538 797 152 546 448 189 63 666 713 316 415 117 959 874 916 718 204 955 339 218 683 958 843 457 595 132 276 419 79 608 516 483 214 317 522 288 750 752 720 31 555 261
92 909 976 138 576 949 726 667 515 518 645 494 681 848 839 822 309 579 902 108 102 312 490 886 9 663 651 623 51 937 646 791 856 200 188 539 995 349 821 883 220 6 782 715 215 468 106 987 144 212 449 335 565 608 279 589 392 660 347 307 208 414 707 570 490 533 808 386 415 185 247 512 608 97 744 145 598 891 577 862
519 885 830 204 4 61 261 45 523 485 306 56 790 576 762 467 401 418 378 966 347 156 352 989 995 305 730 476 943 660 159 716 974 760 215 860 482 832 272 785 824 667 518 901 637 559 551 362 326 763 469 155 677 89 722 873 631 148 959 91 143 918 716 624 789 373 801 115 265 82 789 857 86 741 987 295 932 882 798 775
483 976 815 392 275 305 361 702 596 985 348 898 113 952 996 411 505 118 570 285 716 443 971 487 129 738 119 442 971 538 1 775 858 493 298 834 615 84 362 421 503 111 879 432 434 595 3 609 734 705 418 200 409 114 786 960 283 608 164 630 882 271 624 994 827 31 524 413 669 898 85 230 337 286 788 407 336 202 794 843
144 615 664 836 776 898 575 627 952 166 133 149 881 673 826 698 670 119 670 801 863 222 209 880 121 549 432 431 798 889 44 651 398 2 326 561 970 779 833 612 149 458 118 358 427 48 630 864 482 212 378 595 266 233 577 589 253 715 872 893 677 346 577 164 41 693 583 944 88 270 743 561 41 408 300 199 225 384 875 177
103 33 36 150 276 339 82 962 285 45 360 769 841 842 483 153 721 852 304 567 403 841 281 351 874 653 824 187 528 532 822 194 493 638 799 512 414 402 29 737 762 607 717 826 69 571 552 851 587 171 152 558 67 381 931 163 290 98 502 526 159 995 656 851 605 831 258 382 962 115 402 593 574 312 60 228 295 595 583 316
615 396 727 947 851 256 20 4 288 662 395 742 643 525 466 196 110 662 634 320 829 881 705 506 124 109 914 79 906 792 899 30 520 945 981 367 430 511 300 807 615 307 764 182 265 288 898 629 437 136 76 811 952 461 212 654 279 858 949 275 778 142 522 313 140 218 416 441 400 925 178 860 320 841 129 224 296 438 574 571
951 744 41 828 913 374 685 170 152 576 694 961 429 904 103 735 421 245 648 235 698 967 805 67 552 302 429 558 515 178 909 245 181 716 851 99 87 692 74 807 287 791 822 113 197 969 7 727 470 603 321 561 617 945 42 498 126 581 350 925 52 436 634 958 786 592 900 314 230 469 377 111 593 476 51 77 231 984 959 927
796 595 386 542 930 933 790 508 230 979 862 401 633 617 969 481 872 800 27 107 638 785 635 911 59 371 707 293 569 594 83 577 61 755 933 466 285 930 939 529 475 990 665 154 215 180 252 85 121 128 264 614 763 410 258 173 927 958 977 975 583 667 717 964 988 605 705 459 483 739 647 282 764 775 428 453 646 288 400 803
813 378 332 301 796 284 253 826 851 919 32 864 820 567 186 102 711 487 678 560 330 283 935 805 515 539 508 654 991 465 629 58 959 562 16 306 367 191 914 448 929 414 438 779 217 254 32 312 913 42 658 126 443 734 472 4 632 402 80 54 715 111 524 566 219 648 576 840 454 763 221 134 869 839 724 170 859 432 852 222
465 99 547 597 847 652 698 801 367 244 751 573 570 194 309 772 30 111 312 920 998 207 574 452 846 720 757 505 803 19 129 117 312 622 52 653 123 954 296 754 222 552 277 574 129 445 180 358 57 667 886 594 719 744 884 720 476 619 165 799 65 733 800 493 190 609 553 955 790 672 368 339 999 993 238 631 32 338 998 71
417 379 258 377 145 440 527 759 184 639 717 253 252 59 347 767 607 447 907 351 424 480 192 545 359 139 82 547 630 982 34 678 332 668 422 50 175 138 98 982 739 313 383 353 927 224 1 243 834 704 977 225 361 205 102 835 354 512 689 839 464 363 981 642 86 36 221 760 889 223 286 183 336 541 189 343 57 3 419 267
789 755 422 53 362 103 635 303 953 996 847 367 401 147 431 715 220 454 588 3 479 316 387 274 614 951 455 875 447 364 595 78 488 608 998 718 883 908 347 202 821 189 253 267 976 783 951 195 611 754 993 588 188 344 855 942 206 209 403 919 175 611 485 778 934 827 346 449 916 816 53 56 497 807 559 864 849 306 302 340
971 533 737 668 204 374 410 836 222 165 693 102 997 500 111 542 869 397 298 392 795 289 147 339 411 781 640 15 620 131 500 343 74 597 156 778 286 641 375 87 79 637 301 756 5 966 921 745 876 712 99 775 954 265 435 832 514 75 979 889 943 23 77 650 452 841 402 947 70 642 84 416 894 899 53 378 44 875 826 35
803 806 798 911 41 844 306 727 834 800 194 16 298 525 254 428 506 203 8 869 964 329 915 1000 268 113 458 385 34 498 685 766 429 880 354 858 245 76 361 502 701 657 891 76 257 664 713 516 676 728 323 378 281 560 265 451 241 354 450 894 162 522 919 753 9 497 418 966 67 246 169 780 926 229 64 138 416 164 667 36
433 765 652 139 404 221 896 517 189 723 252 190 426 677 807 908 345 261 496 382 290 808 625 445 685 809 1 996 746 122 560 629 478 983 996 564 311 511 736 262 16 752 791 326 771 574 804 757 860 849 283 441 828 936 965 52 486 762 532 632 959 623 213 392 7 296 339 724 918 895 44 312 358 332 142 7 766 726 185 514
181 339 34 826 285 423 689 406 227 330 822 968 712 480 433 935 656 263 193 439 735 332 281 410 62 726 638 908 515 228 796 787 421 201 346 54 555 54 951 234 61 604 291 647 450 987 77 643 501 186 452 359 970 334 737 529 92 348 588 382 956 227 216 723 598 659 294 216 154 378 260 865 133 206 911 645 488 586 798 204
510 447 733 402 296 491 616 26 209 881 732 896 33 95 404 697 670 988 390 200 913 787 361 258 873 310 66 375 871 482 40 898 634 128 181 548 344 296 891 786 280 312 991 420 470 839 511 128 613 227 541 608 917 748 574 740 932 159 53 360 63 596 877 315 426 291 492 899 496 866 995 138 123 211 584 96 895 315 603 795
817 758 210 379 358 229 796 619 66 818 376 263 151 937 784 539 489 565 722 653 206 819 624 824 550 300 324 348 400 585 464 662 865 886 680 431 448 983 20 244 773 278 217 342 89 548 231 231 574 61 817 132 146 206 630 615 445 280 675 347 564 352 162 450 224 24 753 966 224 874 934 766 281 895 819 332 519 910 123 904
338 787 20 514 822 779 22 571 253 965 912 355 721 155 594 485 964 328 903 54 149 193 659 144 899 7 655 199 865 748 25 967 130 786 113 457 400 203 929 24 524 269 671 766 466 921 594 129 158 700 246 990 572 568 692 10 918 102 846 723 656 576 647 660 652 953 797 394 141 171 634 752 766 449 237 104 35 82 858 574
274 282 205 257 183 1 49 457 874 897 651 407 904 80 466 782 56 613 367 123 548 574 571 692 819 785 201 339 279 542 297 316 718 857 149 795 570 4 879 134 393 647 24 31 695 621 418 402 27 316 79 897 266 125 9 99 475 658 215 411 97 830 691 759 188 440 70 998 424 738 933 40 472 285 568 879 557 336 350 984
881 482 851 692 380 377 567 143 573 328 862 911 787 380 710 282 110 349 571 499 462 790 58 608 861 285 945 880 807 315 418 308 54 290 267 629 388 498 259 220 298 130 392 802 302 663 676 476 641 993 129 451 587 647 489 960 746 614 927 53 41 77 883 982 499 498 149 614 316 201 802 902 458 150 840 473 633 431 827 334
386 245 174 634 580 919 6 802 173 275 538 878 608 512 239 524 815 533 750 756 700 780 776 618 15 843 786 412 496 320 444 235 392 1000 308 687 167 30 951 617 170 719 647 757 189 158 340 553 296 182 419 355 763 734 119 185 270 104 78 49 402 427 722 589 359 988 114 237 235 777 484 581 803 735 396 954 734 972 475 552
108 801 194 660 263 95 852 160 820 430 23 863 458 771 111 301 409 360 872 362 803 695 25 761 125 936 433 847 2 809 404 404 605 625 188 930 979 725 763 44 544 652 387 948 517 107 810 147 905 72 448 751 237 588 351 980 573 674 181 796 378 199 409 887 153 149 561 995 189 166 49 432 259 713 578 159 512 220 293 999
995 411 865 943 494 244 206 541 172 221 989 153 900 849 708 601 486 607 672 321 540 609 219 84 708 328 774 112 72 109 361 195 216 428 552 802 891 82 418 683 465 986 962 459 416 410 324 157 535 180 957 557 218 249 152 800 407 895 466 648 816 152 917 772 595 356 457 914 640 711 310 539 448 375 39 325 515 665 980 756
560 986 536 887 969 503 85 539 342 17 829 968 4 577 932 73 979 380 679 637 511 841 984 197 425 628 677 816 854 590 91 667 172 311 520 124 537 163 649 815 144 233 627 580 85 274 968 917 710 253 867 328 855 134 491 671 360 209 975 218 388 331 85 594 933 617 192 836 799 948 84 353 145 634 959 155 985 934 933 659
472 257 744 247 47 67 335 622 105 92 135 650 312 609 244 475 136 359 476 897 839 953 578 324 685 551 101 900 341 137 85 184 86 585 512 103 46 695 864 787 48 6 77 266 738 2 385 306 578 675 624 625 832 920 519 545 479 556 902 901 734 932 760 388 480 830 826 645 384 183 842 773 49 581 771 780 988 99 192 988
495 542 821 460 60 214 354 955 702 817 487 580 365 194 634 737 198 307 681 68 94 743 689 116 644 409 621 884 256 100 417 132 755 25 448 865 57 544 298 122 507 585 830 539 677 867 543 915 523 147 774 931 711 377 322 35 423 818 830 25 671 735 536 702 208 22 139 417 307 630 913 733 973 886 506 303 871 947 304 156
669 414 448 595 201 790 590 402 449 644 136 118 521 73 536 578 311 658 263 849 15 180 763 808 561 325 805 142 56 165 160 301 373 617 120 686 845 387 22 446 822 151 595 767 218 235 945 593 325 327 327 24 49 373 742 271 166 983 298 321 181 644 648 646 947 259 743 4 933 812 933 128 955 572 905 258 101 992 964 424
657 366 126 577 885 263 160 6 593 911 496 251 284 474 118 361 845 554 498 392 865 522 576 237 908 564 589 113 344 186 226 32 318 202 121 237 523 555 675 442 287 955 141 904 74 646 771 176 868 136 84 763 437 827 443 308 523 677 539 638 651 306 322 173 617 399 149 188 538 801 253 335 739 366 680 837 297 866 693 704
862 709 368 216 874 48 90 656 121 498 40 431 243 629 307 944 692 184 656 525 923 23 172 852 847 698 806 736 246 890 794 857 791 305 400 999 401 2 392 535 400 453 65 443 115 832 96 67 30 464 926 263 610 67 970 551 216 968 296 511 670 552 825 210 202 470 65 105 711 42 695 55 355 127 148 971 852 747 360 534
610 249 431 694 891 906 943 791 657 812 201 215 205 462 975 932 249 733 788 189 852 379 364 976 646 861 205 89 878 109 179 107 300 714 18 194 454 363 369 341 688 101 528 822 544 759 55 263 398 381 396 993 201 548 149 996 231 869 77 305 436 759 450 424 444 347 354 101 977 58 759 658 139 453 599 661 86 235 116 899
205 244 117 731 751 349 408 386 728 417 485 81 902 449 723 339 945 5 564 365 706 300 682 590 298 794 692 245 401 684 169 551 892 81 757 434 560 674 964 436 564 522 781 577 39 231 202 53 314 835 802 445 51 679 406 180 998 544 974 250 84 448 969 668 123 908 859 775 519 956 578 764 276 652 422 92 584 356 636 766
974 743 654 388 9 589 581 282 375 63 158 588 695 576 537 462 572 551 61 61 232 555 203 712 892 453 419 584 225 634 93 604 353 821 169 500 434 784 217 958 760 313 117 689 797 409 275 793 630 906 633 92 796 350 151 881 827 853 179 901 35 537 151 835 613 453 135 459 683 29 833 322 861 935 21 671 596 312 7 881
543 560 261 931 551 698 315 975 125 595 81 244 893 414 765 596 273 364 384 737 786 713 659 815 850 722 199 452 910 94 7 241 202 221 564 185 104 114 587 687 982 328 913 51 29 491 380 832 649 202 811 207 926 715 756 815 591 125 394 152 851 954 428 790 249 866 976 212 542 955 204 751 916 566 86 60 739 867 879 839
352 969 658 298 869 708 111 185 144 193 86 415 922 145 388 83 207 162 319 29 124 290 659 749 853 508 382 292 255 403 234 382 885 905 54 835 75 955 688 275 92 742 328 698 670 916 204 57 296 262 589 511 699 107 604 890 588 109 101 115 966 604 330 134 897 106 564 834 408 365 508 633 760 755 536 962 958 294 671 130
38 188 118 165 836 395 506 757 584 965 650 147 12 142 804 871 408 63 579 308 921 376 930 657 475 93 314 549 470 761 928 403 924 139 605 843 146 890 170 161 234 99 489 910 442 882 558 488 4 983 225 178 731 515 126 105 120 545 758 958 425 52 248 989 874 585 206 218 887 59 669 236 304 933 467 215 101 729 439 282
952 632 834 261 794 707 320 385 517 179 830 212 416 302 597 729 898 10 636 166 13 819 989 302 554 371 753 517 334 911 211 632 759 363 181 471 531 551 539 7 544 374 698 614 936 102 344 404 434 481 229 281 819 481 158 206 826 540 386 544 103 156 266 740 132 897 291 32 876 164 667 499 846 133 735 453 535 248 728 250
449 412 770 941 237 63 769 386 816 758 39 117 223 514 223 688 916 634 662 112 201 855 366 184 276 671 933 390 949 696 769 399 528 966 236 471 21 401 497 466 843 210 513 868 851 88 791 213 795 833 531 294 499 548 124 102 960 9 494 160 414 809 396 885 294 3 619 339 797 200 478 35 661 812 935 354 746 678 622 934
823 377 414 198 59 782 671 16 289 93 304 475 585 807 698 535 251 36 165 894 429 571 729 477 263 352 622 315 994 187 317 562 653 199 907 167 872 927 311 750 113 37 608 816 735 75 124 76 609 81 316 795 509 475 427 91 295 716 545 781 485 995 62 960 579 976 989 58 948 460 656 246 823 43 931 299 235 874 461 559
345 719 443 892 873 95 649 30 188 307 195 834 354 251 335 596 921 4 383 982 418 551 915 100 598 240 634 694 590 195 925 200 94 350 255 39 450 128 405 428 840 676 508 599 258 177 378 265 495 156 97 814 354 50 146 11 796 81 299 766 867 278 226 157 241 868 686 615 162 976 873 767 297 431 896 164 184 613 778 282
67 531 873 293 915 803 23 689 770 610 111 668 446 939 569 794 426 587 920 212 735 76 600 563 506 519 447 405 743 106 499 247 389 80 543 753 67 549 748 303 845 508 525 683 750 937 54 627 268 582 782 221 677 790 415 581 563 139 16 119 524 912 29 552 176 836 725 121 91 373 711 878 690 763 131 722 664 14 31 209
737 417 52 960 809 422 305 739 378 59 867 980 302 16 379 461 694 171 185 130 456 770 958 508 153 499 558 644 696 546 893 148 576 106 296 370 85 438 541 516 445 361 936 141 932 902 261 164 769 472 892 831 530 172 128 704 611 651 624 547 187 980 609 95 131 356 598 329 140 348 950 216 252 5 607 107 629 514 768 377
51 947 455 595 201 984 153 898 799 577 884 370 397 127 913 850 198 817 500 695 645 53 546 638 95 15 894 450 96 440 37 454 141 91 607 686 9 468 442 901 427 873 383 20 435 260 618 101 710 155 890 576 250 427 314 588 589 497 47 733 235 866 445 890 249 105 159 38 975 817 225 604 969 686 768 859 946 676 773 817
87 499 495 120 122 746 977 746 904 836 242 731 743 785 939 564 336 220 324 375 907 837 763 705 243 244 971 728 127 860 616 284 339 42 64 419 42 53 525 457 649 641 473 366 265 167 654 567 576 614 200 310 100 153 810 113 59 81 421 588 835 728 919 125 801 359 872 458 604 173 938 303 890 608 724 461 552 857 38 494
248 425 79 269 76 85 751 957 98 54 363 841 622 905 657 485 454 984 120 989 746 543 948 23 882 826 928 807 103 563 307 585 839 929 231 150 179 728 522 411 58 647 76 926 276 431 593 308 860 774 196 865 915 829 243 862 59 799 331 46 300 298 438 944 491 385 308 86 742 969 956 565 985 810 492 324 971 316 646 357
843 396 710 23 286 491 306 499 681 436 524 794 477 206 110 187 530 856 42 94 493 112 392 788 101 673 826 348 126 271 157 195 331 654 823 644 755 161 723 507 371 846 740 43 8 988 452 243 534 142 559 703 135 125 524 891 458 184 244 238 850 682 26 545 748 896 818 708 149 989 299 588 103 99 214 276 174 350 338 194
792 194 115 883 515 264 57 395 485 80 658 50 325 362 955 14 202 444 592 591 662 477 132 12 738 353 160 584 755 683 363 861 853 598 438 509 238 455 716 91 572 255 132 821 663 439 742 552 710 774 687 530 791 668 771 124 103 148 419 13 843 165 287 510 354 186 465 614 90 680 877 74 267 860 673 645 831 998 937 224
978 13 78 353 72 236 246 100 568 228 711 924 966 570 993 888 693 351 767 565 526 746 593 272 200 21 593 197 505 275 509 893 535 114 107 614 919 76 138 314 501 162 848 679 788 913 426 243 188 354 375 827 126 822 258 463 42 554 467 958 831 82 944 149 434 490 660 461 52 829 512 674 224 11 450 762 702 691 929 141
412 703 110 728 605 664 989 724 831 539 920 937 935 959 205 363 830 403 348 327 417 912 868 507 968 541 956 471 11 293 249 783 276 696 426 135 270 836 340 480 329 448 108 952 861 95 545 937 164 943 437 880 349 416 214 304 380 426 490 719 633 223 808 538 737 221 864 193 667 617 547 950 646 500 885 718 752 785 258 682
654 629 783 364 688 927 20 107 857 382 848 281 132 346 900 709 955 733 990 724 962 312 448 163 349 896 360 7 598 73 227 607 350 429 29 912 218 917 216 924 100 256 106 143 300 924 130 701 370 579 572 159 112 843 916 33 431 843 666 680 574 359 916 566 423 948 963 593 618 21 662 203 442 432 919 841 391 599 570 932
593 973 771 961 696 191 816 1000 959 616 219 421 784 504 543 820 349 683 82 854 816 751 85 45 754 870 51 868 434 796 360 967 857 189 631 4 125 733 509 57 709 6 774 784 720 998 375 686 128 184 959 800 77 771 376 832 529 689 243 936 826 719 650 394 243 85 480 959 318 557 222 847 851 397 421 205 967 368 502 907
341 724 664 722 559 981 285 325 124 150 39 652 953 135 603 753 164 654 514 937 772 863 399 928 529 812 408 325 283 26 142 30 793 891 256 423 66 268 189 803 333 695 849 574 43 747 668 195 228 414 604 367 491 326 306 504 673 394 808 30 483 28 662 980 111 195 899 345 430 601 768 835 371 847 288 782 95 715 198 132
334 108 354 418 938 97 385 275 591 576 96 547 312 447 757 441 384 386 744 98 145 997 880 433 15 909 541 122 745 64 724 173 232 897 419 713 187 277 221 458 168 786 533 808 306 844 543 436 310 922 970 77 847 806 231 22 704 772 778 478 192 242 742 930 392 56 772 110 654 56 319 425 263 779 253 370 470 304 438 845
719 702 86 978 70 412 608 405 736 461 210 591 400 31 326 631 534 242 826 221 788 786 622 980 454 223 854 143 27 167 316 14 977 350 711 809 864 35 605 61 282 155 135 775 886 504 587 310 48 482 931 418 353 919 936 938 463 611 377 851 265 768 52 933 557 312 355 47 495 286 962 722 879 394 437 395 663 615 380 145
567 341 361 24 971 759 734 47 691 429 2 343 518 771 794 673 672 465 747 326 661 384 556 533 682 765 899 386 623 551 947 541 911 718 689 50 895 663 807 839 451 178 645 375 702 917 383 911 276 724 404 106 389 310 457 368 951 297 889 780 128 757 681 744 775 485 2 631 50 27 770 176 222 605 939 841 546 805 63 937
364 993 127 110 960 617 598 547 709 529 998 11 589 220 280 242 581 650 943 998 929 689 710 551 234 226 347 825 109 980 380 523 920 695 697 658 756 899 497 978 336 127 304 303 726 897 923 942 844 740 604 841 758 175 331 720 457 77 538 950 853 376 956 231 223 272 950 407 368 129 186 225 764 464 301 405 352 812 264 567
490 756 605 196 630 845 781 175 706 447 729 810 101 635 212 60 528 913 768 129 945 276 161 803 669 281 306 166 494 350 822 146 786 488 656 315 296 566 347 454 551 202 790 289 975 213 727 748 633 999 202 821 667 822 741 872 598 788 985 759 179 517 861 458 913 310 820 695 360 639 351 367 338 954 841 70 192 208 674 520
272 763 334 430 503 898 306 211 651 665 515 537 761 946 817 491 710 870 57 800 21 640 882 926 700 327 344 364 786 251 912 11 522 678 351 133 149 179 358 720 936 920 54 413 278 998 667 115 138 970 223 826 197 824 539 918 781 701 718 713 556 968 296 46 6 338 951 967 513 605 273 211 570 667 76 115 592 192 947 305
73 591 93 764 605 831 408 975 190 636 428 251 435 369 930 431 585 962 722 951 264 992 40 622 174 949 595 409 636 106 469 884 142 989 471 117 846 476 601 829 646 851 536 742 458 722 950 14 976 179 936 166 618 345 747 697 837 210 678 388 800 411 284 986 119 436 903 257 684 880 618 486 290 494 703 385 178 935 751 114
246 132 788 197 644 237 488 760 568 530 173 341 643 916 679 344 336 913 417 384 7 123 773 637 463 232 837 783 276 978 716 332 407 215 248 781 706 25 909 778 699 46 810 314 18 764 258 51 592 639 526 395 576 175 644 133 65 641 440 657 883 526 785 775 577 453 892 727 561 766 709 142 696 252 762 620 792 287 694 88
848 378 898 559 770 741 755 556 89 413 158 702 104 536 799 655 986 361 222 792 754 50 394 671 552 690 835 335 796 608 840 435 753 211 929 916 282 437 389 440 2 983 421 968 117 292 868 629 361 387 132 852 626 711 984 661 136 618 718 324 674 471 637 421 98 65 972 603 259 100 259 755 535 124 911 273 297 122 944 516
991 441 488 966 742 404 924 9 415 257 824 738 975 153 663 130 968 145 900 840 893 812 424 426 168 522 540 215 164 453 295 127 49 356 194 688 954 909 438 983 494 484 639 845 974 261 544 385 542 249 618 849 544 41 676 249 320 495 842 885 841 952 22 416 98 119 737 361 751 237 359 718 790 865 964 180 768 800 868 400
720 796 427 293 679 844 792 989 828 404 541 156 781 935 384 474 997 39 202 12 922 729 962 196 50 299 395 445 86 123 149 756 583 542 289 756 675 948 422 683 627 839 942 45 321 572 344 182 891 958 744 363 335 227 756 552 991 179 978 949 266 905 781 754 819 625 249 417 851 413 253 759 813 139 816 464 195 756 603 538
643 483 288 710 682 253 819 644 638 594 220 420 101 260 765 564 460 808 850 408 510 89 234 916 945 315 66 725 166 95 911 548 369 937 244 973 308 699 871 427 287 93 341 352 284 115 172 494 801 686 584 439 843 414 186 231 176 598 817 548 891 213 617 619 789 23 865 237 775 853 547 263 794 186 855 436 890 721 373 933
444 829 754 279 552 897 649 235 759 822 861 547 493 88 383 778 294 397 532 60 4 597 980 685 209 939 93 110 334 850 980 432 966 81 554 680 584 15 501 458 268 998 818 978 56 326 505 303 749 802 480 688 76 459 265 30 619 169 85 745 527 387 348 232 566 974 452 227 460 121 334 670 683 111 354 791 788 547 981 50
514 62 525 989 865 299 74 385 383 298 398 107 68 918 785 754 751 500 139 726 217 574 835 25 792 513 145 437 2 2 913 357 199 348 277 729 915 501 970 765 586 451 226 876 737 472 797 660 420 597 983 728 586 419 914 978 746 803 1 807 922 321 830 362 601 614 141 959 505 127 253 153 591 672 775 784 744 244 76 158
326 727 563 632 708 689 375 194 747 283 368 150 87 118 475 108 310 928 43 56 786 506 437 131 42 293 755 997 727 30 783 921 881 708 806 410 280 527 511 439 272 833 452 23 252 577 538 965 182 812 791 211 387 819 398 87 129 581 354 682 143 425 871 620 463 501 802 531 563 860 765 594 692 918 982 988 501 303 637 73
239 772 320 179 886 290 773 91 844 727 47 13 657 737 213 506 228 295 744 818 761 194 276 749 32 904 38 653 826 609 381 614 510 567 277 986 587 398 245 426 332 22 192 226 268 583 710 540 217 337 251 823 312 908 278 135 217 874 558 337 615 188 130 710 718 314 637 230 959 888 459 675 244 425 177 248 606 177 259 922
436 558 63 538 350 928 122 263 416 387 531 229 466 281 716 810 585 193 964 713 584 182 144 291 843 908 827 817 629 209 120 929 710 69 598 706 112 290 479 500 713 272 619 592 80 340 561 686 240 470 480 172 159 179 743 510 92 35 158 317 426 547 559 951 538 780 850 348 164 1 600 578 270 903 219 902 647 924 851 879
760 206 959 769 327 740 850 715 367 834 972 280 584 429 811 784 75 793 230 778 117 535 208 382 476 328 291 828 797 445 729 954 200 508 301 326 533 448 580 930 763 121 413 24 686 660 455 756 98 511 666 671 470 652 934 983 269 382 802 574 858 267 721 328 220 897 756 497 839 827 369 353 779 687 437 44 392 575 521 169
931 567 950 535 866 751 941 406 625 807 837 542 177 667 305 547 495 629 959 433 356 636 856 624 212 457 685 886 83 65 255 796 595 245 307 42 660 486 523 194 499 143 682 842 348 807 635 367 911 331 678 971 22 200 618 219 33 248 185 793 143 391 165 512 391 414 238 314 355 518 701 492 45 112 868 193 184 874 615 615
628 470 319 772 847 515 280 860 519 292 366 69 849 720 480 159 633 258 352 990 851 88 825 735 533 439 485 700 731 300 888 693 143 630 643 7 452 410 74 723 451 249 177 751 730 995 34 730 790 298 870 885 455 797 967 705 951 389 160 983 992 455 558 715 948 655 132 981 308 334 262 937 383 413 700 351 696 984 451 539
326 459 429 979 757 348 580 929 427 652 880 67 999 577 702 480 684 232 496 376 213 159 78 869 958 53 397 486 207 578 694 634 884 10 742 633 435 958 301 18 439 953 405 505 767 240 281 856 603 357 181 777 336 759 14 959 498 779 602 75 858 311 894 497 257 253 487 149 116 566 732 486 840 929 600 822 958 577 238 518
834 692 817 909 242 659 688 596 366 306 408 589 236 995 831 954 610 475 594 516 172 381 470 312 215 856 218 96 77 731 679 449 719 675 193 456 62 115 237 861 51 398 467 263 937 395 946 161 148 164 458 770 968 79 731 574 282 221 370 485 226 455 601 552 430 242 136 116 380 37 595 206 445 513 887 611 689 935 387 950
545 428 276 576 135 283 768 393 208 109 695 25 338 333 51 87 877 965 771 366 249 993 639 754 153 761 517 286 505 953 860 964 542 639 781 609 240 262 222 955 150 171 882 925 694 928 146 727 654 375 394 49 774 788 802 748 345 66 400 796 512 545 389 579 275 555 753 810 133 80 563 77 397 345 186 662 177 462 975 397
926 236 90 596 839 592 170 148 326 395 181 930 947 43 506 846 329 738 93 546 889 180 102 435 505 7 277 877 38 530 721 48 227 249 282 711 889 149 56 31 593 251 334 428 520 586 585 498 678 587 428 385 270 928 113 144 779 664 85 863 76 24 284 470 985 983 873 43 540 195 384 167 710 378 726 412 612 235 166 555
205 381 561 294 435 757 634 426 766 303 551 734 648 148 881 584 849 251 205 589 51 33 899 195 52 174 114 152 290 227 720 998 159 320 725 856 75 363 390 224 251 611 356 975 374 903 738 170 523 562 304 304 254 472 486 686 446 329 793 652 574 823 581 690 276 468 857 424 885 368 132 555 676 183 337 212 7 563 500 342
762 76 849 701 53 810 513 615 246 240 376 796 938 491 455 717 602 573 628 241 310 87 409 960 758 960 453 233 503 215 139 801 367 100 196 11 157 104 883 394 247 173 837 604 628 1 656 31 547 307 269 527 329 397 386 593 929 146 677 113 97 330 301 504 679 609 239 679 70 266 729 367 98 734 29 699 851 305 301 963
752 202 656 337 85 303 256 602 457 850 845 818 489 230 177 662 877 191 707 383 470 322 587 994 384 20 840 207 585 399 46 848 259 364 751 205 949 43 367 344 461 289 467 296 262 665 349 232 849 961 97 659 341 464 663 496 882 269 394 542 112 674 476 562 253 644 790 811 590 835 121 891 338 70 577 878 760 698 558 558
572 583 218 345 529 138 926 678 429 343 953 937 149 869 793 991 573 933 568 541 60 731 465 461 186 952 139 203 882 293 122 830 993 240 223 734 587 72 702 553 831 842 180 461 247 593 282 84 174 497 734 434 160 114 564 724 412 217 325 182 285 196 655 285 999 850 218 218 225 37 31 489 436 569 831 175 748 993 28 642
541 441 106 287 39 505 343 844 394 820 435 26 337 249 41 734 605 798 46 917 141 569 365 969 366 671 67 166 197 705 578 933 150 128 575 61 641 52 985 458 387 913 122 150 956 60 314 75 64 522 695 880 333 84 921 599 233 755 397 112 294 931 806 818 35 459 361 57 340 302 637 450 662 978 545 15 733 376 898 686
588 564 994 845 727 841 585 572 170 598 444 824 233 111 13 432 687 802 769 49 746 368 292 779 195 35 622 570 579 840 461 62 660 753 69 967 433 545 794 403 132 401 684 617 472 425 180 434 606 296 297 35 187 954 966 846 666 145 689 96 635 714 899 847 369 447 204 802 95 698 966 591 674 715 37 582 121 582 540 332
994 12 359 590 610 358 262 59 14 746 242 243 706 22 846 273 203 317 610 942 226 265 562 322 39 930 38 806 35 922 210 805 435 636 926 430 605 202 738 467 593 236 789 747 270 885 413 39 324 748 551 637 566 409 767 244 8 525 516 645 547 152 938 831 836 428 814 561 173 423 515 259 374 485 218 60 267 601 329 174
314 439 301 862 349 199 834 343 93 959 973 742 509 959 438 581 675 304 203 111 995 781 828 722 411 385 799 770 692 507 450 860 904 119 432 355 281 877 245 724 202 129 356 62 45 831 640 498 378 564 910 822 721 715 785 414 53 386 710 396 219 155 130 923 847 184 408 709 60 451 121 949 932 621 46 372 155 369 397 839
69 69 915 933 795 694 697 134 755 136 16 339 478 626 869 578 310 165 548 197 936 326 929 11 714 291 984 304 745 335 512 386 88 680 446 450 653 397 833 699 376 860 847 4 984 156 920 393 400 810 540 157 396 172 807 519 906 325 386 708 557 651 426 60 274 605 449 620 333 558 271 495 316 871 309 198 639 612 590 121
420 666 50 980 292 301 180 711 842 827 729 504 451 147 330 602 236 377 275 569 487 163 79 704 191 785 970 11 862 83 968 581 782 296 763 3 340 535 180 104 575 313 933 82 90 150 366 844 935 952 262 543 102 160 55 344 267 199 823 196 411 584 33 660 614 501 339 306 968 181 314 934 702 631 395 488 270 564 922 240
659 853 424 853 831 866 311 94 207 815 953 424 138 401 220 216 933 14 542 538 953 930 151 658 30 939 694 249 652 658 465 252 430 343 918 175 85 946 524 513 240 911 573 810 548 46 192 38 716 954 621 857 255 787 318 832 179 701 80 913 528 858 609 491 273 346 454 248 779 231 764 506 645 275 424 196 468 152 338 334
964 694 242 104 696 131 795 520 682 635 635 469 885 974 417 609 604 849 477 343 892 455 912 164 505 17 388 729 643 487 266 974 48 560 291 923 348 811 660 616 890 944 214 643 923 831 59 716 301 406 6 68 778 45 589 121 760 445 393 264 689 998 475 253 429 46 189 736 913 181 859 822 680 470 810 83 55 381 947 482
81 51
37 74
39 22
