10 10
2 7 3 6 1 16 17 9 8 14
18 20 16 19 4 0 3 15 3 18
6 13 13 4 5 16 16 5 13 2
0 11 9 1 12 5 8 9 20 19
5 11 18 16 17 11 20 17 2 15
8 0 13 8 9 1 7 4 5 18
4 0 11 20 11 17 8 10 4 6
14 13 3 15 20 0 16 8 17 0
4 17 16 12 7 13 0 9 8 12
6 19 8 5 2 6 1 15 19 5
890 684 679 399 145 12 833 986 225 50
17 187 827 980 231 613 599 704 469 512
618 527 910 54 604 874 72 648 545 280
960 825 887 849 714 465 524 573 442 33
601 464 477 785 938 468 555 996 550 846
880 693 396 178 110 786 534 815 958 436
395 585 193 458 179 409 983 324 789 962
1000 776 308 945 14 342 502 522 890 96
185 648 952 563 827 153 673 540 205 544
560 92 975 806 914 493 862 297 171 470
7 9
5 5
5 4
