10 10
7 16 17 15 3 11 14 17 12 14
3 3 19 13 0 4 20 19 16 8
19 17 15 3 11 16 11 0 2 8
14 19 12 13 1 9 7 19 14 15
19 15 5 11 15 1 12 2 6 2
18 10 11 2 17 6 10 7 17 2
3 0 18 6 10 14 15 10 11 11
8 20 12 20 19 9 15 5 0 14
1 2 17 1 14 6 12 4 19 0
16 10 1 3 20 13 18 2 12 18
670 226 668 653 537 392 677 469 50 224
284 210 343 985 617 973 886 489 672 261
820 867 888 696 106 999 241 209 347 793
936 762 207 394 51 722 862 15 38 909
772 916 597 280 755 882 636 751 803 952
130 384 885 121 790 960 423 583 642 201
368 965 94 676 702 534 484 846 401 990
566 932 532 279 850 279 217 803 362 382
812 128 370 306 219 925 121 218 702 144
907 122 991 830 576 212 309 250 742 854
9 1
3 6
4 9
