100 90
11 11 13 11 16 10 15 18 12 20 14 3 10 15 8 7 1 9 0 3 20 2 19 12 9 1 9 17 1 14 7 17 16 6 15 9 20 4 3 18 10 8 15 10 7 17 20 2 20 11 15 14 4 17 1 12 16 6 19 7 20 11 7 10 4 8 14 10 18 9 15 20 15 1 14 14 13 5 2 4 9 3 19 0 7 4 19 20 17 14
1 20 5 17 6 18 18 14 1 15 9 8 8 4 13 15 0 6 12 1 16 7 5 7 0 12 16 15 13 7 9 16 5 3 5 2 3 18 8 9 19 19 17 2 16 19 17 12 2 10 9 8 5 6 0 0 6 6 5 18 10 14 9 15 2 17 18 0 9 2 20 1 4 16 5 20 3 17 12 10 0 13 0 17 0 4 9 11 1 16
6 20 19 12 5 4 9 20 16 13 17 18 3 2 11 9 15 16 13 3 8 18 20 17 4 12 20 4 14 14 5 11 6 19 12 19 16 12 19 7 17 3 13 6 11 17 13 5 7 3 5 4 13 17 17 8 12 0 7 1 12 3 16 14 4 11 13 17 10 8 17 20 15 15 19 10 10 2 9 3 4 2 19 6 10 9 6 15 15 4
6 0 7 12 11 19 14 13 18 14 7 19 0 0 12 9 19 12 19 8 19 3 13 1 18 14 19 17 1 10 5 16 12 6 1 17 5 20 19 1 13 14 19 5 2 17 17 17 9 3 6 10 0 6 19 16 3 15 2 2 1 0 14 17 5 16 20 17 8 3 0 2 5 7 4 14 2 12 16 14 6 7 20 17 6 1 11 10 4 20
2 1 16 9 10 7 2 15 8 1 13 20 10 2 5 5 16 16 15 5 11 14 3 7 11 9 4 19 8 17 10 17 20 4 19 8 6 12 13 16 10 6 6 8 2 4 12 11 17 3 14 0 20 12 5 10 14 18 16 17 19 20 20 2 12 8 19 1 10 2 9 20 14 16 4 15 5 14 12 5 11 1 13 7 12 17 14 10 17 16
0 17 20 3 17 4 12 14 5 2 7 12 12 10 20 8 10 15 4 15 4 5 11 1 12 11 15 12 0 9 5 17 11 1 14 7 3 1 5 14 13 1 7 13 18 2 2 2 6 4 8 20 6 20 18 5 0 15 5 7 14 2 12 9 9 7 10 5 15 18 2 9 1 7 2 12 14 4 16 14 17 19 11 16 17 3 3 20 16 10
8 16 17 4 13 5 17 17 11 3 15 1 18 18 11 12 2 5 16 12 6 10 1 4 13 0 19 17 12 5 8 8 4 6 11 10 19 1 20 7 3 10 18 0 10 5 4 5 7 14 15 12 15 11 13 13 5 2 20 0 13 4 3 11 18 10 3 3 17 1 8 12 15 16 10 4 16 8 15 7 4 4 19 14 18 6 13 10 1 7
1 15 13 20 12 15 14 5 19 15 15 18 1 10 16 10 10 3 5 18 5 15 10 9 8 10 13 19 8 13 9 3 20 20 17 4 16 15 16 2 3 12 3 18 5 9 12 7 11 14 17 2 3 1 1 8 17 13 7 7 15 6 8 11 3 14 7 12 14 14 6 11 15 16 5 18 6 19 18 17 14 12 10 20 4 19 6 8 20 14
6 7 4 12 5 8 10 7 1 5 0 13 17 18 18 20 17 16 20 4 0 2 1 19 7 7 12 16 6 13 18 3 17 3 18 6 7 10 6 14 18 20 17 17 5 11 14 15 5 13 7 1 2 3 16 12 20 12 5 4 1 20 9 8 20 8 20 18 7 16 7 17 16 18 13 14 15 20 18 8 0 7 0 2 3 13 0 5 8 12
14 8 19 5 19 8 10 13 20 14 14 11 1 13 14 13 0 4 20 9 20 7 15 16 17 0 19 8 16 20 20 10 5 9 0 19 4 11 3 4 15 10 16 15 14 8 5 5 10 6 0 16 11 11 12 7 6 8 3 1 9 2 18 10 13 11 6 3 9 18 17 3 9 0 12 16 4 0 16 7 14 18 14 8 7 12 2 10 18 20
4 19 11 20 2 2 11 11 11 4 15 9 16 6 13 19 7 9 6 4 5 3 6 3 18 10 6 11 4 18 3 9 6 5 18 18 13 20 20 2 18 13 0 1 12 9 17 17 5 5 1 12 14 12 14 4 9 11 13 4 10 13 7 2 3 5 7 8 4 9 3 1 10 11 8 18 0 4 5 11 16 11 12 0 13 3 6 5 15 10
6 17 6 15 17 8 17 4 7 3 0 16 16 12 17 19 15 0 3 10 10 3 5 11 15 0 4 4 19 10 17 15 8 19 11 17 7 19 4 10 16 11 17 8 10 12 17 1 16 14 5 20 20 11 14 11 5 8 16 4 6 2 14 10 6 6 4 11 15 17 19 17 19 13 17 8 8 7 4 11 18 1 18 15 18 8 20 7 14 20
19 2 13 17 5 15 4 2 2 20 5 12 9 5 4 15 0 10 10 7 7 13 1 8 14 12 2 13 11 5 19 13 13 19 15 20 13 15 19 5 20 17 5 12 11 1 16 18 15 12 15 6 12 18 9 12 15 12 13 5 4 5 9 12 6 8 5 9 14 3 11 5 4 19 6 14 4 3 6 17 1 1 11 10 1 14 16 13 19 19
20 1 11 4 1 11 8 0 19 15 5 20 18 6 10 6 15 3 8 6 14 11 2 1 8 15 13 6 4 12 9 17 18 11 3 11 4 13 8 3 8 15 0 8 3 10 7 12 18 19 14 2 14 12 17 6 16 15 12 5 0 12 15 15 9 4 9 6 18 13 2 12 10 15 5 14 20 6 12 0 11 3 19 8 20 20 19 9 18 17
14 5 2 0 3 5 8 3 9 20 7 6 6 15 19 9 17 6 12 2 6 9 10 1 13 14 1 20 3 17 11 17 13 0 1 0 15 1 7 0 17 20 6 12 12 0 20 1 2 5 0 15 12 3 18 15 12 10 13 4 20 16 13 19 0 15 4 18 7 19 4 13 11 16 9 14 5 11 11 13 1 5 9 4 7 10 7 14 1 5
14 5 17 17 15 3 6 17 17 3 7 16 15 11 15 0 6 7 7 19 16 5 19 1 7 4 18 7 14 1 3 20 17 15 6 16 12 5 2 2 0 6 15 19 19 20 4 1 16 0 10 14 17 2 13 6 14 6 2 1 11 1 12 1 16 9 12 13 8 9 17 9 11 15 0 3 11 4 13 20 0 0 7 20 15 2 5 1 5 8
3 15 10 4 17 11 6 20 6 16 12 14 0 18 5 15 5 0 11 13 5 4 15 16 8 9 3 0 8 2 11 13 8 3 11 9 12 15 8 0 2 3 7 8 13 11 0 1 10 13 12 8 13 6 5 10 9 4 8 4 16 3 1 10 3 9 4 4 9 1 18 11 18 18 7 13 9 9 7 9 13 0 16 0 15 17 3 7 2 1
1 1 9 13 17 0 17 4 6 14 19 16 13 10 4 13 17 1 13 3 9 1 0 14 4 9 2 13 7 3 17 16 5 15 14 13 16 5 4 18 8 6 1 17 6 20 11 8 11 18 3 0 6 17 13 19 17 16 16 6 7 16 11 18 12 17 6 20 19 11 5 3 6 9 10 0 17 8 7 14 2 0 18 18 1 7 20 5 10 17
15 10 6 3 5 1 6 17 0 3 16 20 1 8 12 11 18 10 9 7 20 3 6 16 5 9 20 19 1 16 4 17 17 19 11 3 12 14 11 20 6 2 2 1 9 13 2 8 8 20 3 18 10 7 16 9 5 5 4 1 18 12 18 7 4 17 4 20 6 6 20 16 0 6 5 17 18 17 6 16 15 2 2 7 20 19 16 15 15 8
18 9 17 7 11 5 10 11 2 11 2 14 15 16 5 0 15 8 6 7 17 5 13 10 15 2 16 2 13 4 14 18 1 6 18 15 5 17 18 15 10 15 10 10 20 1 5 14 9 10 6 12 20 19 1 4 11 11 5 2 0 10 14 13 19 13 13 19 15 10 13 13 13 0 10 8 1 1 12 0 19 15 0 0 18 12 13 10 15 17
8 7 3 1 4 3 2 6 20 16 5 9 11 17 2 20 11 8 15 4 14 20 5 1 8 11 13 18 6 8 5 17 10 5 3 10 14 0 3 18 16 5 7 18 17 6 5 20 0 4 16 7 8 19 5 10 1 9 10 6 8 17 13 20 5 14 19 19 20 7 18 12 7 16 13 11 16 14 12 4 10 12 12 0 3 12 6 3 19 16
8 20 7 7 7 9 0 12 17 2 11 9 2 16 19 9 6 1 17 7 6 15 6 12 12 16 15 16 18 9 17 0 6 4 1 8 0 14 0 13 10 1 0 4 9 7 9 15 15 7 1 18 19 20 8 11 12 8 10 13 18 13 15 14 14 3 13 6 16 20 2 11 20 15 7 7 4 1 9 2 2 11 4 15 15 1 5 17 19 6
9 6 11 11 18 20 2 7 18 12 18 7 3 17 9 5 9 8 0 7 13 10 14 6 3 20 15 9 9 10 8 7 17 7 12 5 20 7 12 9 3 15 0 11 10 15 0 13 3 5 2 3 8 9 17 18 1 14 6 5 13 20 7 18 12 4 7 4 10 16 20 11 0 20 17 6 6 16 12 20 2 13 16 0 11 4 15 4 11 13
1 14 20 19 20 1 12 4 19 3 1 4 5 14 1 4 19 14 13 14 2 20 10 12 2 13 17 16 17 19 7 13 12 4 17 16 6 12 5 14 14 3 3 13 0 20 12 5 12 17 19 4 11 15 5 12 4 8 0 14 6 14 19 6 11 4 14 5 4 12 18 19 0 11 17 7 13 3 17 20 11 3 16 11 2 18 10 2 2 6
12 19 6 10 7 20 11 19 1 0 17 20 8 11 0 12 13 1 8 9 0 0 3 11 12 12 10 19 6 7 9 14 6 18 5 17 20 19 13 10 4 5 8 6 14 10 10 1 15 8 7 17 5 3 3 5 9 15 5 10 5 14 3 15 13 19 6 5 2 7 3 19 13 11 12 4 5 3 18 17 9 12 13 14 19 11 15 7 2 6
17 8 5 16 20 7 10 14 5 5 6 0 2 7 19 20 13 10 0 13 7 13 18 20 4 11 12 12 18 8 15 13 10 15 16 7 8 6 15 20 15 17 3 13 7 5 6 19 17 8 17 16 7 6 4 4 16 8 10 19 13 19 16 12 0 14 9 9 6 1 11 8 13 20 1 7 19 15 6 13 8 19 7 17 4 3 12 15 3 14
1 7 15 7 20 7 17 11 11 12 16 12 3 10 6 19 15 9 5 8 14 18 12 19 11 0 6 17 15 5 13 2 14 9 17 1 5 15 8 14 9 3 14 3 10 8 1 7 15 13 5 10 2 20 5 1 10 7 3 7 18 14 17 18 2 0 16 7 15 4 7 12 12 18 9 13 9 2 2 18 3 9 16 13 19 9 13 5 5 15
17 8 9 13 10 2 2 12 4 11 17 3 5 1 18 0 6 7 8 1 14 10 7 1 1 13 4 2 16 6 14 3 8 18 1 6 15 13 15 6 18 1 18 0 11 7 5 2 7 19 13 6 3 6 13 15 20 20 6 5 14 0 11 15 11 20 1 12 10 13 10 19 14 4 1 11 4 16 8 18 2 19 7 10 7 3 5 6 9 17
7 4 18 5 9 8 6 8 1 13 0 20 3 2 2 15 5 0 1 12 12 14 11 2 9 20 6 5 2 12 17 10 2 12 7 8 1 3 19 0 10 17 6 7 11 6 10 14 5 12 13 3 4 19 17 18 3 12 9 7 18 0 2 13 14 3 14 15 19 15 4 18 20 18 8 7 12 8 11 2 6 1 13 13 3 5 19 14 13 8
6 17 18 19 19 12 18 16 12 1 7 0 4 17 5 19 14 3 19 10 2 11 8 6 17 3 11 1 9 18 6 20 0 15 7 13 0 3 8 0 15 5 7 11 20 15 20 11 12 10 0 16 7 13 20 15 9 6 1 20 20 13 12 12 5 13 6 0 5 4 5 4 17 4 15 8 10 7 10 8 6 17 0 8 10 14 10 20 17 6
17 17 3 15 10 10 17 12 8 8 0 5 10 17 12 0 19 10 9 8 16 19 4 8 14 1 0 0 5 15 14 13 2 2 1 14 8 11 6 10 13 18 14 10 16 1 0 15 16 7 9 3 4 17 20 13 4 14 7 2 9 17 5 5 3 4 17 1 4 5 19 18 19 0 12 5 10 1 9 4 8 16 16 14 8 20 18 7 18 6
0 0 3 20 7 1 15 1 13 18 11 20 1 13 7 18 13 17 8 14 18 12 17 20 10 19 19 17 6 2 12 5 7 15 18 6 3 4 19 7 4 4 4 11 11 15 17 12 15 12 17 17 1 18 14 0 19 15 3 5 0 2 16 17 8 8 4 9 17 5 8 2 18 5 12 10 0 10 12 18 20 14 0 11 18 12 17 19 15 15
9 5 18 6 8 4 19 8 0 5 17 8 5 14 2 16 17 0 15 14 4 16 13 16 18 0 3 20 10 7 5 10 2 14 20 2 7 14 7 4 10 5 18 7 6 13 12 9 11 16 15 15 17 15 5 20 20 18 7 4 10 18 16 1 15 19 11 7 19 7 17 0 11 13 15 9 6 20 7 7 18 8 15 2 15 2 3 9 7 6
18 16 19 4 20 15 13 11 9 0 17 12 14 1 3 17 1 10 11 13 12 19 2 12 10 11 18 16 0 11 4 19 10 9 20 4 5 12 10 15 13 14 3 18 4 5 7 4 14 13 17 14 14 1 9 16 1 0 20 18 11 5 14 14 19 8 4 7 7 18 4 18 0 5 6 7 9 19 13 14 0 18 6 7 6 14 16 11 13 1
14 20 1 16 0 8 12 5 20 4 11 17 19 10 17 18 19 1 16 17 9 12 0 10 4 17 2 0 20 9 3 1 0 9 18 11 20 12 10 11 3 17 18 15 16 14 14 17 19 15 3 17 0 3 20 19 18 0 1 13 10 16 11 8 2 11 19 3 16 17 9 5 6 3 0 17 16 12 0 10 10 10 18 4 19 14 20 1 4 13
0 7 0 7 2 3 9 14 9 10 4 11 11 0 6 19 8 19 14 1 6 1 0 18 5 18 11 10 1 19 1 6 8 16 16 10 10 15 3 12 14 13 7 10 12 16 0 15 11 11 5 20 1 20 7 14 7 1 9 8 13 12 9 13 7 12 1 14 11 2 13 16 4 9 8 8 20 18 19 8 1 9 15 11 20 7 15 12 18 19
1 0 10 3 6 10 17 17 5 6 18 9 0 15 19 12 19 1 19 18 0 7 10 15 10 11 9 20 7 20 18 7 20 16 13 14 16 1 11 11 14 16 5 7 13 10 4 18 18 14 9 14 5 6 8 20 10 11 20 2 19 5 0 11 15 1 16 17 3 3 3 5 11 5 5 17 7 9 16 18 19 12 6 19 14 7 11 8 2 0
9 12 20 4 2 11 1 16 18 2 1 2 15 11 19 4 16 9 8 1 6 15 7 10 3 6 0 3 14 1 17 3 17 14 20 1 5 9 7 15 4 3 10 16 13 12 3 12 19 3 14 16 10 16 16 17 7 19 8 9 17 7 1 10 7 18 0 9 0 12 6 3 15 20 12 10 15 15 2 9 16 9 9 8 14 13 0 1 9 14
13 0 6 16 0 19 5 0 14 13 12 5 14 16 4 19 7 4 9 10 19 13 8 12 8 7 2 12 3 1 8 3 13 11 2 13 19 2 3 15 3 7 17 3 8 3 10 10 0 14 13 10 2 14 10 11 20 15 1 14 16 6 0 3 1 4 1 17 5 7 14 4 5 10 7 13 19 2 15 16 10 16 18 6 19 8 3 11 16 9
0 8 12 6 16 18 1 1 15 7 1 14 18 4 15 18 0 14 0 15 3 18 3 17 7 14 9 6 19 18 5 18 16 20 1 11 12 8 11 1 0 4 8 11 15 2 19 16 17 6 10 20 9 13 17 10 16 13 20 4 1 20 7 2 2 6 0 14 10 1 8 15 10 12 20 7 6 3 16 12 18 16 19 12 8 14 6 13 19 13
4 17 12 12 1 7 7 12 19 9 9 12 12 12 11 20 12 2 13 18 15 5 14 12 7 4 5 15 9 18 2 17 2 20 16 19 3 13 14 19 9 19 10 20 11 3 2 13 13 16 17 5 10 5 17 2 20 17 6 11 13 2 3 1 8 14 6 19 11 0 15 7 5 8 16 12 20 1 15 12 20 6 10 14 2 9 6 3 9 4
15 5 19 17 10 12 14 14 7 3 18 10 15 14 8 9 19 12 7 2 6 11 5 10 1 9 11 18 20 20 9 1 12 3 13 5 19 6 12 17 16 3 9 15 13 15 9 17 0 1 3 13 11 5 5 9 6 0 2 2 7 6 14 3 19 1 14 7 9 1 8 19 0 10 12 9 14 18 6 14 20 10 0 6 14 3 3 12 16 17
15 11 9 8 18 2 20 3 17 19 0 3 14 19 10 14 9 10 8 1 2 2 20 9 13 0 13 16 18 11 3 20 10 19 0 15 15 8 17 19 19 13 1 15 7 15 14 6 9 2 18 10 13 17 8 7 14 19 10 9 4 8 3 19 5 20 18 10 4 9 2 14 14 5 0 8 18 0 7 12 17 11 4 16 3 4 18 2 11 16
4 14 15 16 14 12 16 0 7 13 0 17 14 18 14 0 11 15 15 18 17 2 3 5 5 12 16 13 10 14 13 6 4 20 18 5 1 1 16 9 14 6 5 15 20 5 1 3 15 14 9 18 13 6 18 0 0 11 14 16 15 5 1 7 20 18 19 13 14 0 10 19 0 17 4 11 15 8 14 11 14 2 8 8 20 6 18 15 0 18
16 15 5 12 18 2 12 13 12 19 3 3 6 16 16 20 14 11 11 8 3 13 0 12 0 1 8 17 3 16 9 14 14 8 0 17 2 18 1 11 10 5 6 6 0 4 3 16 3 11 10 18 3 17 9 15 11 4 6 2 4 2 11 4 18 12 19 14 8 18 7 6 11 1 7 1 13 17 20 19 16 14 3 5 8 5 2 9 11 19
6 11 9 4 16 3 2 8 0 6 20 1 3 1 13 1 1 2 13 5 3 19 11 6 17 9 14 12 10 11 4 4 6 12 10 18 5 17 7 14 7 3 13 13 19 4 9 20 18 4 0 9 6 0 8 0 0 17 13 16 8 19 6 14 1 6 2 7 15 15 14 14 16 0 10 12 8 14 5 20 8 20 1 3 16 18 2 20 9 9
8 14 0 10 20 20 9 11 9 12 14 8 7 6 19 5 17 8 6 3 15 5 16 4 10 7 6 19 2 14 3 14 3 15 7 4 3 20 11 17 12 17 16 2 14 3 8 17 9 4 13 17 18 20 20 0 10 2 14 15 14 18 5 2 0 15 8 19 4 15 3 2 17 9 2 8 15 13 9 5 8 16 18 17 2 7 20 10 15 7
8 19 9 10 15 7 14 6 12 9 20 13 13 3 2 13 18 5 15 9 8 20 0 14 10 7 13 0 1 16 6 1 9 12 14 12 8 5 10 13 2 13 10 16 19 8 8 14 17 14 15 5 19 1 17 2 17 6 13 9 11 16 18 12 9 16 5 1 17 5 14 1 8 18 18 3 15 3 14 3 7 15 1 14 16 4 14 18 8 8
17 14 15 9 1 17 4 17 1 4 8 12 17 14 19 1 14 15 11 17 14 15 14 10 3 7 12 0 7 1 18 14 18 4 7 4 19 2 9 18 14 15 2 7 9 14 3 2 2 17 20 14 3 8 1 11 20 20 7 14 5 3 12 16 17 16 11 9 12 18 20 12 3 6 20 0 8 0 20 14 15 10 11 15 19 13 6 15 19 4
17 19 2 11 12 13 17 6 15 5 6 6 4 9 16 6 13 1 15 0 5 11 16 5 3 13 1 0 0 6 10 13 19 1 3 20 10 15 4 9 13 16 1 20 20 14 1 19 8 11 10 18 16 19 4 16 17 7 0 18 17 7 19 7 16 7 8 19 15 5 1 10 14 3 14 5 3 0 11 3 10 11 15 16 20 20 16 6 15 14
4 7 9 13 16 14 11 3 11 18 7 12 2 17 13 15 1 3 15 18 3 16 6 7 8 16 2 0 6 20 0 13 7 2 15 19 13 0 3 17 11 13 2 1 14 15 17 11 10 16 4 14 19 2 3 8 1 16 6 19 13 5 6 9 14 17 14 17 19 13 8 4 11 20 3 20 2 11 3 3 20 8 16 8 1 20 7 3 7 17
7 4 19 6 7 2 17 8 1 3 6 7 20 4 15 11 15 19 13 15 18 8 14 9 12 15 0 16 20 4 20 8 10 0 0 16 20 17 8 13 8 10 17 6 14 0 2 14 18 8 14 9 15 20 4 1 8 7 9 11 3 9 10 7 6 6 13 7 11 8 15 13 3 18 20 11 16 20 17 4 4 1 6 19 18 6 15 11 1 15
6 8 16 10 19 15 20 16 4 18 1 0 1 3 19 11 5 11 13 15 19 14 1 2 9 15 5 0 9 8 19 8 18 6 5 6 15 4 6 13 9 5 4 17 8 13 5 3 11 0 8 1 1 7 7 1 11 14 3 17 9 18 17 8 13 1 10 4 18 7 2 1 20 0 8 17 12 12 0 10 19 9 12 8 20 15 17 6 11 19
18 19 8 16 18 2 12 7 15 4 20 17 13 13 11 13 5 0 20 14 15 11 3 4 0 20 20 16 0 14 2 4 19 4 19 10 2 7 14 7 4 1 17 11 13 7 15 12 1 20 11 3 19 12 19 11 11 7 12 13 17 13 9 18 13 1 10 1 15 19 6 3 1 17 7 5 20 19 13 18 1 19 7 17 17 7 13 15 11 16
6 4 18 4 18 10 6 1 12 17 2 10 13 12 15 11 13 18 11 11 3 10 11 17 20 20 19 17 14 10 7 8 1 0 13 5 7 18 18 12 12 15 13 10 6 16 1 2 14 3 17 6 1 11 0 10 20 10 13 4 18 8 5 19 2 18 1 11 20 3 14 8 3 6 5 10 18 14 9 3 8 16 0 10 11 14 20 10 4 10
12 12 7 16 12 3 20 4 1 11 13 2 14 15 19 18 20 12 14 17 20 4 4 5 16 9 8 19 12 13 13 20 7 16 6 12 2 17 15 14 20 20 3 7 2 20 0 1 16 6 2 9 10 4 17 9 7 9 1 5 7 18 12 4 5 19 0 10 2 19 9 18 6 0 6 13 2 9 13 12 17 13 16 2 11 9 17 13 14 13
3 10 0 17 1 19 17 0 20 12 11 2 16 6 7 11 10 8 7 18 20 13 9 3 15 4 14 9 19 19 5 20 9 5 10 3 0 0 11 0 4 1 19 14 2 9 7 4 15 0 0 1 9 13 15 11 12 16 11 20 10 0 9 7 5 3 18 5 16 11 0 12 5 10 13 12 3 15 8 19 11 12 8 4 0 2 3 2 10 2
17 16 0 13 4 16 1 3 19 17 14 20 9 14 2 1 16 18 1 11 3 14 18 19 15 13 9 13 19 10 15 9 15 18 8 10 8 1 12 18 20 5 19 9 19 14 16 7 12 16 15 17 18 8 17 9 7 14 0 9 2 6 4 16 19 14 1 10 9 6 4 11 4 2 2 19 19 0 1 4 0 15 6 5 20 9 14 5 5 2
1 7 15 20 4 0 14 17 13 8 17 20 20 15 8 20 10 16 18 15 20 11 3 6 4 9 11 9 2 16 10 12 19 11 1 0 5 6 0 10 0 0 16 1 9 12 6 6 16 0 11 6 3 3 3 9 7 3 10 3 15 6 9 14 20 19 3 14 16 18 5 8 17 13 8 10 20 6 7 8 18 3 10 8 4 1 20 4 13 11
3 7 9 4 3 12 20 1 16 7 2 3 9 8 9 20 1 2 16 1 10 6 0 1 4 10 10 14 7 15 15 14 8 8 19 3 19 10 14 0 18 4 17 11 3 18 13 4 9 12 19 16 18 0 11 16 5 7 15 8 1 5 17 18 20 19 17 0 13 5 12 17 10 7 1 1 3 1 10 7 2 19 4 16 4 13 7 10 6 9
20 20 7 12 4 0 4 6 14 20 18 11 10 20 8 16 1 5 16 19 4 2 7 0 2 7 19 13 14 6 2 14 5 16 2 14 19 5 18 1 8 19 20 11 3 10 1 15 4 8 15 4 14 3 16 13 7 2 1 13 14 4 20 8 13 1 18 15 13 18 16 19 17 13 12 8 12 16 5 6 4 10 1 11 6 13 3 9 8 5
12 6 17 19 3 0 1 19 8 11 3 0 15 9 5 11 5 15 1 8 0 19 9 18 10 19 6 19 17 16 3 0 11 8 18 8 5 18 19 10 8 15 15 5 5 5 19 7 1 6 19 3 15 20 2 6 20 10 2 2 14 6 0 16 9 4 9 11 16 18 17 13 10 1 2 15 13 0 18 12 2 17 10 14 7 9 10 17 11 2
15 9 19 18 12 20 9 19 8 5 12 3 10 20 6 18 15 7 17 0 1 1 18 9 10 17 4 10 12 6 0 18 8 12 17 6 14 7 9 18 11 19 1 12 2 2 7 11 7 18 7 15 3 19 7 12 15 19 19 18 7 0 5 18 10 10 4 11 10 11 6 16 11 17 14 17 18 8 4 0 6 7 2 5 11 19 13 5 14 4
17 14 2 1 14 12 1 1 9 15 8 19 3 15 4 1 18 17 6 11 6 16 17 6 18 1 19 4 4 5 12 17 5 19 13 1 2 14 14 11 12 6 0 3 9 11 20 19 18 16 3 10 19 16 16 3 2 17 16 1 2 10 11 10 15 12 20 17 12 11 6 9 11 0 2 11 5 17 9 6 18 8 0 4 1 7 6 17 0 5
7 10 7 2 19 20 9 20 13 11 9 7 18 0 19 20 14 17 6 5 16 15 19 12 13 9 0 12 3 2 13 2 2 13 1 2 9 8 10 20 15 5 0 13 12 17 6 20 6 15 18 15 20 7 3 11 5 19 19 0 1 9 11 7 3 10 9 14 19 2 17 10 6 5 1 0 11 18 17 17 1 15 13 15 1 9 11 16 0 18
9 8 4 4 9 0 7 4 15 19 11 10 15 6 12 19 7 7 20 18 20 14 20 18 16 6 6 5 10 4 20 2 6 3 18 14 6 10 3 8 15 6 4 3 12 0 1 4 4 0 2 20 10 18 20 1 18 2 6 1 18 3 8 8 0 16 17 17 10 11 5 2 19 3 14 18 19 11 19 4 7 18 1 13 0 10 2 2 10 10
16 9 7 4 14 9 14 7 3 8 3 2 8 17 7 2 4 20 5 13 1 15 5 6 10 10 8 15 17 20 19 17 18 10 1 2 3 18 11 11 1 2 7 11 17 11 14 2 14 13 19 20 1 10 0 20 15 10 18 10 17 17 17 11 14 12 20 13 1 10 8 6 2 13 12 19 6 1 18 19 11 8 16 11 2 19 5 6 16 13
0 19 19 14 4 10 19 20 3 0 4 15 17 13 19 5 16 20 18 9 10 1 13 10 11 13 3 13 7 3 20 0 5 15 6 12 8 15 2 2 2 9 13 8 19 8 10 6 17 19 12 18 10 16 20 19 1 5 1 0 15 16 7 1 1 16 15 16 9 11 13 3 8 19 1 19 11 10 7 5 18 16 7 18 5 7 8 16 20 9
12 10 1 10 12 3 17 8 17 15 9 3 10 2 0 12 0 12 12 8 12 6 19 3 1 5 20 14 3 12 2 1 18 4 18 2 12 4 18 5 2 18 4 19 12 3 11 1 3 1 8 5 15 3 9 17 10 13 4 19 5 17 12 15 20 1 0 0 4 6 0 8 10 6 14 9 0 5 19 15 14 2 14 8 16 0 20 17 8 1
14 8 8 5 2 11 17 10 8 2 0 3 0 2 0 0 2 11 13 4 5 16 12 11 6 5 10 3 1 4 2 18 10 7 10 3 3 10 2 19 19 20 16 13 6 16 18 11 9 13 10 12 2 12 16 12 20 4 20 17 0 18 17 18 20 19 3 5 15 13 10 5 20 9 11 4 20 13 10 5 1 8 3 0 4 13 20 2 2 7
20 2 7 4 16 6 2 10 17 11 19 16 9 8 2 15 20 2 2 7 10 3 11 0 10 17 10 15 2 8 10 19 13 11 3 18 12 12 4 5 12 10 17 11 9 15 18 0 18 3 14 5 12 19 8 7 16 19 5 12 14 19 11 11 3 13 17 5 12 8 8 14 2 16 9 10 6 10 4 17 11 10 17 7 4 14 5 7 13 17
10 1 1 20 16 10 1 11 16 9 16 20 12 20 20 3 4 20 5 20 13 3 16 7 12 17 1 0 9 19 10 10 13 8 12 2 3 2 8 15 16 17 5 8 1 12 18 20 13 20 11 10 12 19 12 8 18 13 16 12 14 17 5 2 4 9 8 19 13 4 14 12 10 2 2 5 5 11 3 1 15 14 2 20 17 12 1 15 5 16
18 11 20 11 12 14 14 12 1 5 1 5 1 9 6 18 13 12 10 3 19 7 7 5 2 17 20 18 3 14 12 20 14 7 16 8 15 15 5 3 10 12 1 10 14 3 9 11 12 20 19 18 3 20 3 20 4 1 12 14 13 2 0 11 10 11 18 16 4 2 20 10 11 14 12 15 7 11 1 4 8 2 19 6 9 3 16 5 20 18
18 16 9 14 15 13 11 7 16 12 8 8 14 6 20 3 0 19 2 2 6 4 1 7 13 4 2 1 8 19 10 1 11 14 10 14 17 15 4 7 4 13 6 5 12 6 0 15 8 6 1 16 18 16 15 8 3 1 3 14 3 15 15 20 13 1 17 19 2 20 0 14 13 7 7 2 0 8 19 17 14 11 5 2 11 0 14 3 2 5
18 2 3 20 13 17 1 5 8 11 11 11 11 2 20 3 17 2 3 4 16 14 20 10 20 8 8 15 11 3 17 5 2 10 11 17 19 1 18 12 7 11 13 11 7 10 5 0 4 8 2 14 20 16 10 16 7 14 17 6 7 12 17 15 7 13 12 11 9 16 12 4 0 15 7 20 2 11 1 0 14 5 12 14 20 19 2 16 14 4
13 0 5 7 4 18 0 18 5 2 9 12 18 9 10 11 10 1 2 14 18 20 12 12 1 2 6 12 11 5 19 14 20 19 4 10 16 19 17 2 14 16 1 11 16 5 10 12 12 13 4 3 17 9 4 12 17 15 15 7 9 7 6 13 10 17 3 18 13 13 19 18 14 12 3 6 16 3 6 12 12 3 0 2 4 5 14 11 0 2
9 19 3 19 15 16 3 3 10 4 18 1 12 14 9 4 14 10 4 14 1 14 5 6 4 4 14 1 1 3 11 17 20 13 8 20 12 6 0 10 14 9 13 11 5 10 4 4 16 15 2 2 1 6 1 0 10 7 20 16 0 2 8 20 15 7 7 19 14 16 11 18 6 13 5 14 12 0 20 15 15 7 20 14 5 9 1 19 16 18
11 14 15 5 2 3 10 11 7 4 4 17 15 9 17 17 10 3 16 20 9 4 4 0 2 14 6 18 17 19 14 15 3 4 12 7 16 2 2 10 12 4 10 7 17 15 12 1 5 18 4 5 11 20 12 15 16 16 2 12 6 6 12 2 14 19 16 20 18 0 17 3 11 19 1 15 18 0 5 0 12 4 12 14 4 15 14 19 10 1
9 9 20 3 17 16 16 5 16 6 6 19 3 13 8 10 8 10 19 10 8 1 11 16 16 4 10 0 18 6 8 3 18 11 8 19 20 14 17 18 17 18 0 0 3 19 2 11 4 1 1 20 5 9 2 3 10 6 4 20 4 0 9 1 19 6 16 12 8 9 9 15 14 19 16 5 20 1 11 10 19 3 2 10 2 1 17 1 0 18
6 19 13 2 16 5 4 16 2 18 17 12 18 0 15 9 11 8 15 17 12 11 0 19 13 7 2 14 16 14 9 20 8 19 7 15 13 1 3 6 7 14 6 16 14 12 11 0 9 20 19 10 1 15 9 3 11 13 19 10 17 14 11 19 16 2 7 7 16 3 5 13 10 3 5 16 10 15 15 1 9 7 17 11 12 14 9 4 18 20
3 6 16 3 20 19 10 1 17 19 0 15 6 11 20 6 9 12 5 18 1 14 9 14 12 0 5 10 1 10 13 9 3 13 7 5 8 17 20 20 5 13 11 10 15 10 15 10 20 15 18 2 4 17 15 11 6 5 19 2 15 8 6 5 19 5 8 17 17 3 15 13 3 14 15 10 18 13 7 2 2 8 19 7 10 13 15 18 6 1
17 11 3 13 5 8 17 19 15 11 15 6 13 16 8 7 11 14 17 20 11 12 20 9 4 9 1 12 1 0 10 19 14 12 9 14 3 2 18 20 13 3 0 16 19 15 0 16 20 16 2 3 9 8 13 20 6 13 2 17 18 13 5 14 20 8 19 16 9 13 0 4 12 1 4 1 0 12 14 17 13 2 16 16 7 12 18 17 0 11
9 3 3 8 18 20 19 8 8 4 1 15 1 18 15 8 13 14 2 17 1 13 11 0 1 7 12 13 16 9 0 8 8 4 16 2 17 16 10 20 10 8 5 18 9 12 16 18 8 7 10 0 0 9 14 19 6 14 8 1 13 3 6 10 18 5 16 6 15 14 5 5 3 7 3 12 0 13 15 6 15 19 17 12 9 12 0 14 16 2
6 12 9 6 2 14 9 5 11 12 16 2 17 19 4 17 2 0 12 10 4 0 20 7 9 3 4 11 4 7 8 9 12 5 7 6 10 11 1 12 5 4 13 3 19 14 1 15 10 8 19 20 11 6 17 2 9 7 13 19 10 6 7 17 19 15 20 17 8 6 9 16 8 14 15 4 17 8 2 7 12 8 3 17 15 20 20 10 0 2
8 17 12 13 18 8 18 16 16 1 6 9 18 7 10 1 14 3 9 19 17 6 13 20 12 6 12 0 12 16 20 9 0 10 7 20 6 1 4 4 5 0 5 2 5 19 8 5 14 9 2 19 10 1 3 7 16 10 12 6 4 14 15 15 19 4 12 18 16 13 11 4 14 3 9 10 3 14 14 18 19 7 6 11 6 2 20 15 13 8
18 15 3 2 17 7 7 4 15 15 7 13 9 17 11 9 9 13 17 6 0 0 0 16 3 20 12 5 18 8 13 0 13 17 4 18 0 8 6 5 16 5 8 18 9 3 14 11 10 10 2 14 3 0 16 19 14 2 16 18 6 14 1 12 14 10 12 10 20 12 6 10 11 14 7 20 14 19 10 18 1 3 11 6 8 20 11 12 8 4
7 13 0 5 4 0 5 0 8 2 10 1 18 7 18 0 8 7 15 8 16 11 19 7 3 17 5 0 6 9 17 6 7 8 16 20 0 13 6 5 0 18 15 15 5 5 7 7 11 6 8 20 13 15 7 18 12 2 10 10 0 20 14 12 2 15 8 7 16 7 17 12 5 15 15 4 6 17 17 7 9 7 14 15 10 9 17 17 4 8
15 20 14 1 20 12 5 5 16 3 15 19 0 3 13 1 12 9 8 14 16 14 20 18 9 14 17 7 7 0 7 4 20 15 0 15 3 5 13 5 13 8 9 20 13 5 14 10 6 16 5 11 20 18 0 0 8 12 18 0 15 5 9 6 4 16 0 15 19 9 3 1 1 8 17 6 3 16 19 18 0 10 13 15 14 19 4 5 8 11
20 16 15 19 1 7 2 3 1 20 1 18 12 9 12 17 2 9 16 7 5 19 8 3 3 2 9 15 18 10 17 3 3 18 3 7 7 0 12 7 10 7 5 11 12 12 6 9 0 7 17 2 10 10 2 7 14 16 2 16 4 13 16 20 15 15 15 2 17 1 10 6 16 10 7 17 16 17 18 18 8 9 19 6 3 12 11 14 19 18
4 18 10 12 3 5 13 6 3 2 0 18 13 2 10 16 16 10 17 16 3 7 17 2 18 8 15 10 5 5 5 18 17 2 2 0 0 19 13 8 14 18 10 15 11 2 9 17 15 7 12 1 11 14 4 19 19 0 11 17 14 18 2 15 3 0 15 14 11 9 7 3 17 14 20 12 15 10 15 15 17 15 8 18 12 10 16 3 8 2
5 11 7 15 14 3 0 0 18 18 12 11 15 11 18 9 19 6 13 5 2 17 20 10 4 3 8 2 13 17 16 18 6 1 16 1 11 4 7 11 9 4 13 19 18 1 2 18 16 1 9 10 20 3 6 6 1 1 4 16 10 20 13 8 8 4 6 19 7 11 6 19 10 8 10 2 15 16 6 18 11 6 12 1 9 20 16 3 9 9
0 11 16 1 16 15 10 17 13 14 1 16 19 14 17 5 6 11 20 11 9 2 12 0 17 8 3 13 15 5 0 15 3 2 7 16 0 5 19 14 0 8 5 13 6 13 13 14 15 3 17 19 20 10 17 19 18 16 5 6 14 8 7 4 18 17 10 20 9 20 9 2 14 0 0 10 3 2 18 7 10 18 15 9 19 1 12 4 12 1
8 12 6 3 5 18 6 20 7 3 7 10 8 15 12 13 19 11 16 13 19 18 8 4 6 5 11 17 7 20 1 5 10 11 0 6 14 5 10 1 16 0 1 12 3 15 5 8 17 18 14 3 10 4 18 7 12 1 19 16 0 1 14 2 14 2 17 6 14 7 4 13 9 17 9 7 7 9 5 18 12 16 6 0 10 5 17 18 9 11
17 15 20 5 12 4 2 3 13 19 20 5 0 12 20 15 19 14 7 4 6 16 2 17 18 10 5 6 9 12 18 3 3 6 14 10 0 11 11 11 17 15 5 7 2 0 1 2 13 7 1 2 1 11 11 1 3 12 0 17 10 11 15 16 13 5 9 11 16 1 3 1 8 11 14 19 0 3 1 9 3 2 6 1 2 9 6 0 2 17
15 20 9 7 15 5 6 17 6 4 15 7 14 18 10 3 4 7 13 6 0 18 10 20 9 4 3 20 1 5 4 8 17 15 13 2 8 2 13 14 6 8 13 10 3 1 9 3 8 14 0 7 8 6 19 11 18 8 19 8 8 19 13 3 20 6 0 3 11 9 7 4 11 0 18 19 3 16 20 2 12 7 4 11 19 12 19 20 19 4
0 13 7 12 18 10 12 19 7 20 8 2 4 10 13 18 20 12 2 8 2 11 3 3 0 10 4 17 11 17 6 5 20 3 15 15 19 13 11 4 1 16 12 2 12 1 6 7 1 13 8 4 17 2 11 13 17 13 11 4 5 4 19 3 1 17 8 9 13 2 2 4 10 18 6 5 1 9 1 0 8 15 12 4 12 12 6 8 12 10
12 20 13 10 20 18 5 1 15 1 3 11 18 6 5 13 19 8 4 2 18 13 10 17 16 11 12 1 2 9 18 11 3 10 15 17 9 13 6 10 17 4 1 5 14 10 15 19 3 2 12 13 1 8 5 14 17 6 0 5 19 10 1 7 9 4 19 13 2 4 18 15 15 5 3 7 12 7 14 6 13 18 20 15 9 10 17 20 18 4
2 8 14 1 12 5 2 11 13 12 4 10 19 2 8 4 5 8 18 0 0 13 13 12 9 9 1 5 10 12 20 5 9 15 9 3 7 2 20 10 17 10 15 15 6 10 10 16 12 6 13 8 7 4 18 8 5 5 15 12 4 16 0 0 15 2 4 16 19 9 2 19 17 18 12 3 19 5 0 13 5 0 4 15 8 19 3 6 8 5
16 10 20 11 6 6 20 18 16 2 1 3 2 6 13 17 4 4 0 16 4 6 18 8 18 11 7 9 9 1 1 17 14 13 17 9 19 5 5 15 18 18 7 3 9 14 8 3 12 1 18 16 7 16 17 8 13 1 16 0 16 10 4 19 11 8 5 12 4 1 1 10 5 5 7 6 17 5 10 3 16 15 17 13 2 20 14 3 17 14
4 7 4 16 4 9 18 16 13 14 1 19 3 11 14 6 3 13 5 16 4 6 7 3 6 17 4 9 14 13 5 2 15 1 8 13 17 11 14 18 4 11 20 8 4 19 5 10 9 20 19 6 5 6 5 3 16 12 2 18 16 10 11 10 19 15 11 18 18 18 0 14 20 20 4 12 19 4 9 12 10 15 10 4 9 3 14 9 9 15
696 303 208 671 914 43 76 346 68 266 530 749 503 377 528 802 503 136 845 587 652 174 390 631 783 515 631 412 300 248 268 792 883 76 261 10 979 850 78 370 293 6 389 570 336 987 72 726 49 701 40 127 64 952 329 81 388 256 60 508 810 867 259 908 756 41 552 599 87 481 155 351 436 417 293 625 477 309 74 680 126 583 886 96 449 550 979 190 437 803
368 73 41 368 482 417 240 443 474 588 596 834 428 407 131 198 774 226 362 121 517 87 525 522 5 536 685 716 382 106 367 399 878 443 269 387 591 977 257 933 358 654 614 718 572 255 822 510 433 394 216 245 476 949 58 600 570 95 375 152 735 59 147 187 967 650 934 83 767 892 744 466 802 834 143 256 748 721 156 602 424 955 725 506 190 735 875 16 342 579
713 851 168 285 57 937 914 614 508 907 2 740 770 972 126 247 450 393 188 573 532 596 866 745 594 543 36 366 267 168 981 327 305 243 177 483 840 150 27 811 150 77 68 58 987 406 245 457 668 708 946 124 491 570 573 589 600 886 189 265 2 698 260 312 185 305 242 175 984 999 460 55 284 26 240 431 876 299 652 926 452 337 519 599 432 343 529 89 689 697
241 965 746 299 844 323 603 888 4 704 372 905 501 319 758 916 891 37 643 257 914 72 4 719 192 944 401 740 501 438 603 233 281 79 668 583 150 306 965 298 89 977 380 210 237 190 762 461 905 205 691 262 153 585 843 723 112 942 870 875 981 826 627 532 25 658 889 296 62 299 267 314 572 142 438 362 446 664 194 686 940 105 280 82 437 222 449 18 237 308
755 199 16 640 469 778 571 1000 428 217 959 624 663 775 992 758 497 710 219 586 858 1 450 683 718 507 700 150 851 355 186 931 316 965 118 777 12 325 142 817 330 906 369 129 353 357 972 855 708 150 802 822 405 279 884 230 139 554 368 165 349 412 275 62 700 253 845 764 208 588 81 404 543 530 871 555 622 848 471 537 6 473 422 199 806 564 526 374 961 361
117 373 173 410 54 206 455 132 83 334 900 504 774 375 980 144 680 269 774 575 534 706 256 842 501 82 698 737 492 620 64 422 490 80 784 542 220 638 706 830 376 85 285 463 270 477 153 853 74 562 922 285 907 154 544 544 802 551 214 948 113 29 671 720 675 620 901 379 71 124 214 937 143 34 106 644 147 916 411 587 459 469 202 280 559 907 892 73 790 206
817 19 954 442 328 390 549 836 437 403 30 788 37 519 183 559 309 396 312 55 490 873 405 444 996 852 440 161 375 791 103 449 287 384 888 242 292 761 732 150 602 246 433 164 174 725 699 651 540 186 587 33 91 218 868 825 315 340 77 254 146 905 73 433 136 710 491 391 148 355 671 113 186 53 273 88 363 238 695 871 453 100 591 128 537 690 998 766 407 616
255 980 698 647 983 193 10 394 117 740 707 605 755 620 856 493 573 120 491 237 92 953 260 832 417 501 894 239 536 505 426 526 760 442 292 37 556 828 259 888 981 510 550 498 462 911 777 606 125 393 566 587 969 49 698 738 633 794 645 753 156 627 166 122 599 28 613 418 609 668 602 782 945 838 8 368 917 328 447 690 732 130 201 144 326 381 309 376 583 628
225 474 281 736 372 430 133 331 786 198 56 758 352 181 589 360 427 614 436 107 552 926 743 462 684 380 891 252 98 930 437 481 194 46 461 72 434 582 91 591 27 745 814 261 290 693 464 250 227 914 5 399 791 933 599 269 150 844 203 885 41 307 834 945 267 828 427 940 33 652 240 258 81 44 584 897 224 298 286 165 591 574 597 859 237 703 937 820 487 128
876 404 373 967 443 86 105 484 578 270 160 537 476 623 182 696 557 832 451 685 622 555 199 417 603 639 914 790 181 76 251 724 951 678 403 618 394 262 461 118 128 238 17 443 119 330 277 63 645 252 756 428 793 33 782 609 324 515 70 446 913 6 801 886 609 174 970 820 149 714 42 755 835 884 145 20 139 159 444 746 158 269 740 246 176 10 482 949 22 49
842 676 737 30 198 588 962 959 252 803 483 849 71 207 468 535 213 288 699 131 845 855 897 840 302 475 287 599 483 290 906 179 853 847 617 118 101 754 312 428 114 722 587 935 387 840 762 601 437 213 973 162 52 134 663 484 492 418 559 953 207 805 408 757 935 386 494 229 375 193 972 943 721 600 342 105 94 31 245 409 641 891 192 468 229 777 976 481 488 86
695 750 132 322 120 405 178 707 805 662 325 278 40 781 368 977 493 96 918 137 460 171 709 937 924 543 339 188 316 844 962 159 923 267 295 733 204 707 913 568 237 118 407 781 908 164 938 846 244 82 749 730 995 651 597 278 127 323 789 296 791 866 128 992 221 417 178 647 62 722 44 729 74 857 846 755 549 83 264 317 820 619 524 758 777 942 555 474 883 405
649 613 821 574 342 798 707 384 780 475 764 653 122 266 952 907 149 518 193 535 123 796 359 453 938 728 45 126 293 649 507 739 433 122 19 623 739 116 683 476 733 825 56 868 400 66 14 337 751 113 476 182 683 994 477 932 288 262 372 563 803 728 390 363 276 520 137 716 881 232 80 21 580 663 540 717 639 981 185 269 826 992 785 267 14 624 722 745 785 604
220 825 340 461 806 580 479 955 852 119 157 198 650 517 919 256 38 765 811 411 742 740 660 208 117 988 267 696 964 63 49 986 531 617 224 125 494 494 618 316 235 124 120 189 778 955 954 186 102 33 532 149 917 695 498 702 19 698 283 851 476 410 409 250 567 6 920 745 402 155 532 614 591 98 717 120 359 284 369 21 21 407 926 753 66 333 699 88 375 604
812 978 540 61 477 593 977 643 548 639 64 56 829 677 853 148 223 342 110 671 722 917 709 352 809 912 474 892 429 771 808 614 923 546 836 286 871 103 804 564 450 763 844 282 253 348 143 708 296 496 134 452 611 549 963 832 127 340 595 616 361 490 644 196 65 658 238 592 451 853 897 896 649 77 349 144 113 866 826 866 667 779 961 212 89 552 999 374 744 181
878 134 786 391 182 332 675 817 199 28 519 247 703 502 525 419 137 202 166 614 136 312 254 609 648 2 548 978 726 617 323 9 105 140 539 72 540 735 994 179 407 996 375 838 796 877 970 102 257 323 931 975 725 29 644 892 9 373 930 738 241 179 991 84 350 1000 959 981 970 356 685 465 825 195 680 832 22 484 835 769 626 221 442 873 829 894 499 4 298 823
928 258 363 12 923 971 282 936 645 140 851 3 179 530 134 189 167 125 519 521 357 572 775 495 598 896 561 293 469 50 405 150 89 334 719 303 180 696 695 166 911 943 223 658 766 219 17 240 189 7 782 102 315 553 929 576 126 862 122 409 375 414 269 773 629 392 583 676 47 888 357 643 493 542 442 12 265 333 353 66 280 436 269 717 526 988 571 901 811 591
569 707 195 691 903 853 125 816 56 12 839 36 881 50 482 258 212 80 119 484 451 161 57 269 416 737 19 320 227 199 461 590 967 147 30 644 224 349 486 706 755 528 888 586 196 98 585 775 400 42 233 720 852 233 331 413 962 324 683 363 119 938 467 949 608 400 761 967 59 161 366 160 304 797 875 263 784 920 577 569 67 213 450 759 74 809 994 877 668 58
742 179 855 671 231 951 200 902 517 200 652 260 453 573 254 880 483 981 82 257 136 427 94 706 322 493 239 122 1000 112 45 786 605 780 763 31 505 623 666 516 688 1000 705 807 1000 381 716 761 570 967 867 208 586 634 204 857 552 315 644 134 641 523 3 257 793 692 248 872 163 861 173 215 872 689 385 565 378 973 274 816 90 604 603 879 976 734 490 31 886 436
463 216 580 870 178 381 307 956 264 377 44 939 608 222 775 660 329 249 897 404 66 886 645 317 856 984 111 195 67 879 816 596 479 615 348 465 367 631 806 494 645 608 619 757 470 673 395 772 705 562 530 84 391 814 443 405 620 210 884 742 694 416 134 820 565 546 167 625 634 269 455 948 740 360 191 723 356 709 825 669 997 92 764 299 582 623 228 201 764 239
851 157 477 380 392 452 201 239 705 811 879 805 72 167 233 715 363 994 918 708 205 667 734 690 712 11 153 500 702 720 446 718 928 538 74 590 212 208 515 233 911 122 186 89 514 632 897 400 619 141 988 212 359 68 123 233 727 169 708 484 547 173 690 955 19 457 194 161 711 34 470 868 414 519 989 736 384 453 884 548 327 862 187 195 714 829 558 57 501 568
375 774 468 792 940 143 429 900 83 866 359 330 443 8 92 35 947 686 674 749 897 673 473 33 202 663 543 418 196 700 282 986 875 156 33 342 454 72 996 351 548 755 469 820 766 13 488 743 90 56 668 912 393 566 777 430 317 86 918 595 570 116 336 264 451 962 825 281 732 2 522 932 191 217 741 872 406 926 117 206 819 190 171 602 957 137 138 993 851 439
676 939 166 166 520 918 397 864 249 98 162 166 525 204 870 594 434 506 679 826 955 851 891 958 963 489 298 763 284 436 132 794 490 502 470 199 833 880 355 175 842 393 279 295 174 305 982 647 593 935 240 901 630 986 662 553 935 746 325 66 313 55 536 476 550 246 255 880 743 475 199 55 47 387 785 550 124 276 899 907 560 645 465 619 168 642 173 430 419 945
64 785 621 679 19 404 395 212 441 611 895 963 446 445 698 52 11 156 778 847 255 408 995 541 65 957 174 151 742 635 742 980 753 567 755 113 692 804 845 769 640 913 914 288 962 184 274 801 269 813 170 930 810 501 383 902 981 111 677 596 265 245 808 203 698 368 657 275 999 736 553 52 942 931 387 614 768 644 261 246 813 632 692 612 395 58 684 458 952 433
76 58 709 955 326 127 791 382 864 909 999 527 813 931 705 966 782 670 778 893 846 622 594 7 306 701 321 745 497 192 722 92 90 956 714 413 94 453 237 866 834 769 658 802 301 955 663 507 8 361 903 477 356 801 789 272 151 367 169 963 94 364 591 491 791 489 538 737 410 5 998 905 786 752 166 402 746 125 331 697 943 367 711 441 588 911 418 65 455 824
764 257 85 49 43 122 906 646 738 87 940 677 878 168 780 131 858 824 942 446 122 509 622 826 773 930 985 191 251 186 219 594 144 209 780 300 842 27 806 3 817 873 491 637 104 925 839 670 620 203 220 103 599 626 463 715 22 645 483 689 399 966 307 915 671 954 732 363 407 989 331 685 539 420 368 854 895 58 359 589 409 185 816 983 685 360 319 314 707 623
729 82 33 738 365 347 661 991 904 195 218 14 4 966 224 787 333 621 765 452 230 9 645 288 517 150 169 793 260 215 950 299 213 899 172 526 180 918 511 973 597 550 94 598 759 375 90 565 569 869 262 560 425 125 676 670 469 229 785 649 411 773 378 976 524 20 80 678 595 51 194 215 21 817 266 39 814 349 833 979 611 372 948 641 277 466 650 16 396 880
180 193 931 951 641 147 361 765 908 873 131 730 741 996 557 456 84 523 780 382 144 508 132 475 446 476 61 852 105 328 200 479 253 604 565 520 686 166 692 584 227 626 971 935 195 284 746 953 550 773 684 190 798 142 102 893 959 631 168 701 449 422 499 659 490 206 544 51 174 179 445 777 334 177 676 714 813 792 780 185 367 213 720 393 510 425 132 770 416 747
611 426 599 474 867 441 493 138 548 539 651 644 533 500 742 251 953 678 519 61 842 199 511 744 210 833 937 292 52 439 826 896 525 398 180 968 916 250 201 556 998 735 59 552 989 41 316 808 814 737 633 280 928 961 278 314 956 917 76 875 23 511 961 868 104 135 299 410 471 443 291 896 301 297 2 914 468 144 240 848 852 450 406 56 311 758 216 287 332 392
913 499 520 405 443 981 374 414 847 669 552 696 303 337 993 429 357 489 82 236 625 212 60 700 192 151 55 936 970 203 141 461 630 807 90 72 238 108 783 914 979 423 68 552 612 653 315 608 797 942 849 442 373 637 621 603 961 567 492 235 140 224 551 433 873 288 54 331 802 815 804 510 620 521 753 791 314 289 82 807 604 188 18 997 309 854 746 520 279 435
5 963 855 368 948 474 94 259 458 181 999 878 287 591 185 345 168 344 921 45 372 18 690 985 246 862 775 991 592 295 700 313 438 216 421 392 955 832 7 72 871 324 182 62 643 57 460 337 679 340 961 738 386 125 740 450 56 290 430 981 803 751 265 956 250 100 633 666 263 814 369 695 135 785 251 450 183 155 602 255 119 822 371 660 655 497 395 999 359 803
903 274 804 712 734 313 299 829 891 978 325 554 426 351 195 668 785 861 263 989 253 26 110 309 866 286 876 114 252 673 822 72 119 780 1000 214 327 878 155 896 108 981 334 895 796 743 197 30 148 128 794 120 487 205 770 682 91 230 555 974 454 817 356 583 845 277 360 313 508 497 823 421 987 364 674 994 507 198 994 873 108 316 218 507 47 582 710 805 641 82
567 704 988 265 953 728 222 540 88 974 617 428 370 849 437 465 294 221 147 812 278 505 827 788 457 583 870 385 699 682 355 776 553 700 438 228 730 490 101 461 297 352 198 69 716 844 965 582 465 271 744 663 50 679 713 114 582 259 560 445 522 727 931 93 603 368 399 638 380 138 497 288 643 992 517 88 745 228 133 39 787 690 628 659 723 639 127 423 460 986
392 542 274 850 678 239 951 67 913 896 403 164 47 93 223 609 788 570 77 537 149 63 738 29 385 812 200 715 718 706 570 351 556 195 496 907 530 991 280 925 257 484 733 627 71 238 243 765 972 354 680 485 975 808 579 122 399 428 825 398 615 418 678 580 721 505 847 847 953 619 553 230 86 505 719 883 921 483 120 398 612 550 115 656 372 800 954 146 8 681
460 436 889 777 587 536 261 256 508 922 271 678 793 247 841 757 951 272 126 250 794 997 623 368 623 237 650 191 783 698 788 223 458 361 523 818 986 389 288 86 87 266 932 745 933 945 38 383 275 849 348 228 619 157 238 256 949 89 206 328 95 375 303 426 43 390 552 962 494 814 546 884 623 323 695 588 941 545 63 105 478 451 983 800 999 93 575 720 779 666
935 500 567 289 561 476 249 696 565 489 699 376 588 845 449 441 440 138 92 471 868 174 933 290 552 525 912 269 880 846 734 556 555 350 546 292 85 778 792 20 954 163 97 402 389 494 431 11 526 234 433 651 227 83 842 584 595 448 452 353 125 443 493 365 155 420 741 41 697 212 97 82 486 320 7 829 237 566 988 750 504 630 300 438 386 708 653 731 403 742
214 184 620 911 368 969 37 732 285 153 280 89 66 129 851 115 361 853 629 834 739 310 912 975 34 593 755 657 903 492 498 968 947 761 392 804 982 60 732 589 112 180 149 402 67 58 337 22 197 314 953 801 884 887 728 664 420 502 854 259 665 519 252 264 623 577 372 748 969 232 508 123 98 110 262 614 935 622 390 409 626 904 26 934 675 243 686 756 666 138
418 163 81 847 194 47 382 780 590 934 279 707 637 784 815 903 330 126 100 950 19 656 549 257 646 833 435 646 596 289 994 631 27 847 762 859 20 281 300 188 786 3 998 112 954 781 32 174 259 720 229 828 269 961 743 943 278 447 468 437 606 248 245 570 133 796 259 19 577 514 112 195 492 939 79 574 203 475 880 763 8 358 348 409 978 866 803 991 800 947
311 901 307 585 200 967 132 686 108 845 425 431 624 510 829 387 616 427 208 534 113 651 76 486 946 794 712 284 192 870 946 760 919 439 563 477 61 327 911 390 259 525 319 908 127 542 486 440 325 312 97 585 103 522 515 831 160 277 864 757 574 959 154 569 233 985 187 583 676 469 958 603 931 19 702 964 942 993 110 899 271 131 548 903 676 531 553 176 9 39
610 871 34 251 39 474 233 769 936 292 321 19 78 818 878 87 879 213 378 158 111 935 587 675 525 169 909 998 608 514 813 969 809 821 549 739 590 184 571 978 7 633 524 263 739 284 815 169 718 315 361 566 532 892 773 546 173 119 589 43 725 81 794 329 498 979 665 969 417 459 151 966 823 82 660 131 487 394 828 503 942 876 560 389 567 828 601 146 75 504
874 326 952 429 106 741 787 603 891 692 448 886 644 336 563 753 721 810 392 583 402 635 424 988 437 297 45 952 93 595 551 11 333 304 217 880 25 57 436 174 215 83 437 372 722 201 439 893 713 526 371 824 701 877 111 786 93 297 318 61 875 902 896 418 570 407 694 929 971 360 75 239 288 556 859 641 861 221 791 707 117 395 37 469 394 35 85 180 119 314
192 746 940 14 971 483 52 833 539 130 837 632 318 646 901 458 653 785 579 6 913 993 750 502 395 888 998 613 482 641 960 697 101 517 483 499 609 758 107 894 328 742 325 21 203 889 372 45 571 492 541 771 470 722 813 281 660 29 79 569 686 760 205 425 33 82 92 678 149 988 605 703 392 956 502 138 724 979 198 821 394 794 737 958 551 944 474 332 95 920
953 893 463 476 656 272 226 875 979 175 780 31 871 335 504 1000 33 210 39 152 596 949 363 374 270 906 642 77 917 832 182 323 588 655 633 560 328 175 74 905 410 20 735 663 263 777 888 62 709 796 351 394 95 655 136 931 970 785 665 511 863 446 963 182 62 619 423 221 11 592 603 787 366 342 466 790 204 525 519 210 979 205 867 534 973 334 957 880 800 733
766 849 580 231 316 501 317 19 422 434 430 505 63 85 929 803 26 446 658 176 79 891 292 98 644 797 918 799 799 168 271 728 97 627 275 237 921 92 125 5 661 636 610 290 568 872 210 380 421 743 928 591 31 448 582 904 698 215 650 547 863 482 236 345 127 290 935 706 340 3 543 950 748 623 244 51 281 526 424 218 967 121 429 906 302 422 43 57 28 924
560 786 297 320 745 761 992 845 321 968 470 233 149 905 821 892 538 726 543 575 47 88 326 591 449 972 73 689 472 103 804 891 772 951 466 131 803 434 809 950 60 704 508 661 906 334 277 964 687 900 270 815 154 686 484 213 448 593 421 478 582 378 102 492 90 942 205 839 200 924 196 343 756 94 845 59 390 506 46 62 579 269 456 59 484 815 294 830 269 286
417 191 120 215 364 487 333 378 470 359 586 42 126 575 773 447 110 25 394 470 17 205 940 368 667 394 570 920 617 846 863 527 634 504 186 533 436 131 153 298 560 899 975 179 713 823 41 196 697 904 641 789 942 355 425 732 876 996 999 285 966 490 179 331 520 294 178 491 939 450 898 497 66 470 66 657 253 592 283 194 777 270 396 595 728 830 568 542 76 511
65 62 161 850 205 935 845 756 661 638 742 119 625 673 994 541 976 797 115 167 790 986 844 178 93 539 226 683 618 359 836 40 3 581 554 338 597 473 781 966 396 777 818 594 326 115 148 752 585 52 376 261 42 107 853 333 968 44 858 380 210 48 425 417 844 244 491 949 685 301 154 384 410 90 471 625 169 280 567 79 252 866 673 998 452 773 110 875 456 170
851 450 741 714 333 195 497 678 321 355 436 734 324 352 817 925 601 908 647 167 11 53 604 637 660 434 622 931 342 128 143 51 935 884 553 761 283 775 967 98 532 42 251 734 652 164 444 724 139 419 973 85 626 756 753 234 942 446 208 480 683 303 111 420 508 830 747 385 109 534 94 168 370 206 557 662 667 257 46 628 456 310 890 263 715 927 674 760 126 226
184 984 464 992 385 381 541 128 20 75 942 881 299 2 546 135 860 172 500 922 270 932 142 330 3 996 848 197 708 613 758 522 322 172 641 456 509 625 859 544 759 991 405 524 92 715 527 99 203 325 837 580 83 535 353 387 141 749 142 86 826 163 539 616 640 615 868 799 728 43 455 500 134 185 804 171 100 936 659 445 20 437 753 296 313 284 569 346 237 878
503 324 236 504 935 625 659 826 916 160 328 186 603 300 718 804 955 877 824 703 961 58 237 111 87 320 369 886 155 164 935 255 4 889 79 993 606 750 398 178 945 303 520 73 86 712 840 835 589 62 232 277 264 658 556 82 920 303 249 734 766 919 504 81 386 17 556 452 340 921 433 65 635 964 604 568 79 559 88 361 245 647 283 988 605 492 326 105 782 36
918 506 739 792 52 452 393 387 418 998 137 382 437 297 952 679 380 747 207 50 842 90 854 633 757 908 402 157 502 256 569 340 421 835 619 392 448 891 858 581 839 928 925 241 102 476 757 376 490 111 48 539 970 601 719 601 775 950 490 929 307 783 902 274 87 668 654 276 34 700 61 869 967 47 845 659 833 76 416 206 983 952 265 253 439 961 514 470 506 979
863 342 40 86 789 186 972 232 175 62 335 647 151 247 938 937 131 656 782 630 752 955 836 83 401 477 436 490 779 363 350 823 409 28 126 785 257 498 405 292 922 985 657 882 224 233 422 459 376 892 191 119 127 519 463 494 775 125 47 295 149 775 840 227 176 361 404 838 37 796 691 739 811 518 660 55 568 826 155 954 775 446 167 291 871 603 471 28 425 660
153 102 589 633 985 204 19 646 435 590 160 5 564 867 421 822 381 629 472 656 77 885 76 657 653 527 609 995 937 312 788 275 952 41 827 342 583 833 110 238 869 823 806 494 394 11 487 944 373 122 418 729 502 513 272 659 40 726 819 339 594 371 119 729 789 268 707 916 462 547 487 676 342 182 986 324 696 1 343 576 871 153 675 336 154 807 471 429 94 855
382 278 491 210 651 622 272 185 468 385 173 762 235 192 69 827 481 481 178 166 902 275 234 490 467 92 821 669 428 41 315 424 291 653 30 107 393 183 787 166 663 337 191 542 248 561 330 412 138 871 359 507 51 832 385 661 13 274 903 176 918 633 20 403 95 504 113 813 941 72 602 993 990 620 578 395 915 974 675 987 681 524 643 924 66 280 393 674 530 507
766 991 229 869 868 924 577 7 448 395 598 683 106 251 642 33 469 60 981 158 809 672 46 654 713 25 984 284 851 196 241 58 147 12 459 771 9 862 511 738 527 382 340 833 776 318 238 1000 299 653 901 249 190 943 30 236 599 708 734 370 387 440 922 300 109 972 257 908 211 392 231 31 638 838 440 186 402 587 676 869 847 192 866 111 582 467 806 202 599 52
102 574 122 271 363 346 992 936 53 53 578 804 944 571 133 515 864 800 99 645 897 523 447 499 1000 327 720 625 678 432 863 321 630 900 174 860 399 476 691 856 345 286 477 472 368 502 579 344 448 921 649 687 613 151 980 239 726 815 883 513 675 454 770 59 732 80 752 702 462 9 531 265 507 497 460 646 816 414 411 408 141 461 802 483 748 617 720 135 11 87
333 538 487 710 61 886 833 410 786 59 192 349 761 941 478 266 385 651 294 861 648 963 675 834 879 763 767 751 502 923 988 494 408 72 250 825 586 988 901 151 986 995 151 65 50 978 392 32 445 541 296 91 809 526 231 653 745 320 808 256 797 988 391 912 9 95 191 99 918 768 710 707 27 514 848 413 998 928 141 634 901 510 62 16 605 346 120 74 598 248
7 818 327 905 783 759 223 90 152 774 705 660 726 47 813 268 943 427 626 863 808 603 463 205 242 355 347 943 208 780 346 476 267 962 255 446 392 521 943 803 639 955 150 412 317 874 994 469 419 228 274 545 834 813 733 722 395 993 131 667 565 583 550 749 57 221 44 76 928 804 718 229 296 28 912 974 609 227 274 625 889 821 243 668 630 96 594 226 703 893
176 63 987 146 73 529 448 456 43 790 56 20 973 175 160 621 105 508 592 393 228 667 31 556 531 646 681 53 418 325 471 863 749 465 48 969 965 294 244 529 929 889 694 144 625 845 69 525 857 871 248 285 431 181 622 26 657 914 484 579 67 205 626 168 63 446 226 505 860 91 450 543 179 623 485 372 950 333 674 759 505 325 691 860 205 141 436 25 458 327
109 859 700 592 44 74 20 453 108 668 185 182 525 4 879 923 838 467 147 797 462 845 483 570 475 426 531 528 829 833 210 22 801 707 497 162 570 462 332 923 487 400 166 650 396 208 555 707 429 74 953 89 839 74 724 779 882 989 555 815 335 476 506 751 116 184 258 335 163 112 730 441 559 894 505 987 631 72 559 856 853 330 299 932 445 138 620 169 340 796
95 932 899 561 214 295 256 120 693 109 390 140 971 60 491 755 358 688 856 981 105 294 260 331 762 306 533 151 838 860 945 691 102 996 485 79 949 838 373 966 508 8 853 277 975 393 330 12 761 57 373 317 430 259 516 710 798 272 883 943 192 368 888 85 298 583 332 700 68 254 926 878 272 855 26 515 807 469 905 548 279 356 250 616 220 655 375 626 300 465
993 567 620 120 507 150 482 310 539 367 365 746 400 40 202 634 79 622 215 377 395 810 235 121 857 409 440 616 381 175 36 214 462 860 655 661 119 623 612 1 479 892 703 12 994 56 888 971 256 248 221 392 743 808 959 200 280 253 79 504 157 690 953 478 159 852 676 836 812 674 790 747 169 360 719 789 188 482 388 604 511 677 269 869 343 568 641 518 410 176
625 210 698 569 953 918 98 978 491 849 452 197 857 881 608 923 800 299 91 966 257 379 737 95 162 587 20 368 134 912 60 485 743 450 265 910 505 462 492 229 910 783 204 153 393 241 177 125 960 144 155 316 82 844 780 964 509 138 529 936 394 651 268 205 582 422 803 181 319 914 580 436 952 677 513 50 751 349 901 613 167 762 196 466 85 909 706 931 432 550
793 399 526 424 828 967 342 706 30 525 504 442 1 224 402 566 811 98 949 70 563 223 738 610 143 706 273 913 816 284 373 167 124 594 632 512 992 537 883 829 447 832 969 622 170 503 622 175 243 395 416 485 361 819 582 723 827 121 993 998 273 457 59 878 504 116 771 789 152 523 851 382 372 102 349 765 491 992 885 759 316 85 213 782 142 27 612 873 453 114
446 909 754 153 725 639 438 808 412 242 948 60 986 535 861 405 300 525 36 992 334 281 48 790 537 856 757 679 700 403 622 454 29 870 902 13 502 302 638 306 17 966 389 44 468 513 194 95 517 361 691 716 600 572 606 787 748 494 46 570 17 424 420 59 374 422 773 240 368 438 516 511 390 95 904 365 992 814 984 221 838 157 596 892 194 253 413 74 804 115
247 729 537 169 700 884 178 410 950 38 426 434 541 415 15 185 22 873 253 380 766 299 432 768 160 738 200 989 793 40 182 141 222 989 221 736 305 727 234 298 832 707 214 767 211 534 740 947 719 900 190 950 855 529 30 191 181 384 493 282 868 955 632 910 830 308 273 39 813 164 119 901 12 889 848 593 694 244 574 163 703 135 706 534 192 707 818 60 784 559
552 259 508 745 830 134 991 858 745 99 396 231 517 172 907 453 383 339 417 518 243 323 97 255 500 491 46 834 282 474 506 368 2 502 357 437 467 551 224 853 594 32 395 524 50 441 404 612 743 337 726 953 406 798 434 390 731 939 844 248 666 567 149 903 685 801 790 519 310 444 776 539 109 813 213 331 514 110 32 705 560 270 119 767 273 173 735 961 76 402
590 393 344 85 996 231 13 592 599 556 535 926 657 2 904 89 866 869 86 753 99 103 799 788 865 983 566 856 622 52 398 180 129 509 285 170 886 153 88 877 154 889 342 81 937 606 899 206 750 660 773 607 347 603 193 334 72 659 284 304 341 988 330 906 289 370 532 319 108 157 155 455 804 313 588 243 156 209 251 10 27 977 85 578 619 808 340 568 588 77
644 185 993 515 107 380 232 652 704 313 716 237 938 854 561 526 497 798 38 764 193 367 169 846 385 70 255 798 493 698 55 10 784 795 873 20 604 766 533 566 691 538 802 181 686 227 956 901 582 589 783 799 214 613 615 86 314 229 983 835 331 628 282 567 844 877 98 952 103 750 667 680 548 852 943 755 770 278 175 366 161 761 607 769 612 509 251 425 621 140
226 444 322 32 931 308 991 24 151 123 356 874 343 419 61 887 318 43 901 381 621 907 886 316 404 271 468 213 551 363 855 268 571 952 556 796 653 762 993 291 186 340 269 583 307 928 714 285 23 752 24 224 723 599 305 126 597 763 344 55 399 15 833 554 657 414 647 947 266 807 517 864 779 650 693 938 926 36 109 563 554 628 11 180 153 719 15 526 693 226
231 486 793 874 353 801 459 174 978 967 405 992 69 157 896 344 439 439 420 983 532 215 525 678 965 962 978 609 742 644 568 347 911 930 600 164 409 984 590 392 85 960 309 835 633 267 503 120 715 438 973 280 556 22 357 927 11 363 565 767 490 655 842 792 612 3 904 411 733 932 239 749 133 337 785 610 304 112 494 670 348 591 527 123 488 753 576 292 858 103
475 636 582 970 115 69 306 666 311 620 56 481 128 898 620 71 514 902 830 930 575 454 711 688 952 228 156 260 578 711 297 257 646 297 932 269 471 442 700 104 775 567 296 283 477 102 982 169 148 339 741 899 668 808 621 288 890 950 786 162 432 531 755 33 731 125 361 922 511 939 530 139 726 149 779 851 381 968 970 881 519 608 273 123 47 982 144 756 823 292
447 892 769 16 688 626 47 382 732 557 442 908 286 101 35 252 963 981 506 693 76 837 846 586 862 298 794 528 721 344 237 779 410 301 184 812 305 375 730 655 591 199 114 958 11 683 353 985 960 603 62 327 884 124 996 676 776 7 111 591 78 45 644 511 232 961 882 260 868 131 420 591 389 412 458 287 829 261 953 218 225 837 16 655 90 667 792 994 721 502
573 775 29 565 143 745 95 557 666 690 426 278 636 294 662 129 326 999 277 91 285 267 685 577 366 960 12 480 466 704 482 649 475 802 337 610 195 596 528 479 922 751 873 971 870 354 502 7 279 737 639 942 746 511 677 922 385 797 244 916 575 801 315 958 668 8 260 902 858 619 493 837 121 762 984 956 690 679 562 564 313 377 518 179 256 351 435 205 449 190
13 124 705 269 965 839 376 160 355 653 344 774 810 415 789 405 33 544 567 682 280 690 165 668 548 851 782 571 191 362 793 580 381 304 911 757 271 840 763 54 644 769 606 383 141 645 690 132 777 602 753 699 974 588 211 331 748 785 718 366 2 332 552 568 352 839 832 836 766 199 393 128 501 28 28 727 610 166 221 163 538 494 965 396 592 569 888 32 637 361
65 64 809 668 258 444 370 254 521 170 918 845 651 717 816 917 409 971 809 391 455 32 161 984 227 265 435 117 910 53 719 830 301 527 36 683 815 196 490 262 842 816 205 997 900 933 549 602 939 157 57 947 286 895 52 816 821 698 182 651 629 412 699 564 326 571 924 282 164 151 960 11 252 201 355 486 169 338 522 862 951 486 855 252 884 725 506 832 75 903
186 68 995 117 602 855 917 22 757 553 762 300 791 485 537 991 963 886 436 504 635 480 672 158 323 341 214 42 176 267 914 51 956 402 618 467 983 692 371 691 168 334 285 25 387 334 99 355 85 111 410 406 238 998 715 785 53 753 246 839 740 714 180 249 726 822 12 574 657 956 535 892 967 286 871 278 873 226 153 332 392 68 50 656 911 286 539 313 655 854
74 578 326 208 852 911 418 869 353 433 177 740 807 676 972 611 670 564 909 288 562 104 482 51 344 772 263 470 873 440 124 974 999 301 803 185 34 556 779 54 205 552 330 975 446 370 105 864 117 875 64 467 923 425 757 783 935 812 71 975 121 797 669 209 319 820 64 1 575 37 882 819 807 390 720 203 754 385 224 307 787 931 803 356 34 995 385 640 218 28
199 12 457 425 97 580 617 826 460 380 352 178 852 699 807 267 622 372 813 223 147 189 847 442 292 669 604 478 833 589 622 673 913 150 565 940 800 398 31 330 25 317 557 152 603 646 280 407 150 68 735 525 433 998 549 840 917 268 813 277 663 672 131 490 928 166 783 132 985 557 879 530 293 976 17 386 691 262 970 732 335 803 293 995 675 154 953 78 520 287
208 457 551 341 811 673 136 116 460 946 951 912 652 624 311 7 385 554 201 819 188 256 705 269 812 649 55 307 278 984 849 111 243 886 226 719 336 927 394 582 869 472 42 460 50 225 787 352 962 377 41 240 438 268 319 889 240 452 315 602 585 899 693 408 164 347 923 108 52 561 846 236 590 441 747 850 550 413 185 813 745 803 1000 478 983 309 878 550 176 97
295 259 683 890 925 644 773 17 990 991 780 663 985 624 767 416 408 684 72 399 486 331 944 689 713 143 382 737 420 842 595 44 741 416 294 894 264 238 307 567 550 145 398 708 553 862 579 272 874 756 807 925 624 540 78 990 406 521 820 609 612 360 441 338 904 979 17 270 915 424 933 736 473 510 425 926 4 35 871 89 28 511 185 264 919 577 728 379 486 246
672 662 83 681 31 412 597 663 652 893 631 470 32 924 390 201 65 760 83 819 111 708 190 50 35 116 573 43 616 454 572 895 181 558 931 302 883 518 5 734 909 99 552 97 503 424 802 38 71 679 191 91 750 984 941 310 999 857 938 540 853 555 5 304 459 571 749 208 130 82 653 901 144 566 19 182 136 927 133 135 354 701 567 168 131 488 852 725 473 774
214 630 832 726 67 206 909 812 915 303 230 99 506 225 190 680 56 507 202 878 269 113 795 720 63 234 372 133 503 938 860 106 669 737 88 611 474 773 689 235 258 576 878 754 983 611 254 550 945 644 394 893 751 412 933 363 573 482 732 849 907 449 200 364 611 573 370 808 147 885 99 539 268 542 192 995 975 716 455 491 51 538 491 58 357 281 830 12 628 351
886 371 524 766 815 884 313 494 634 718 927 757 762 955 627 171 644 869 315 16 602 422 21 617 404 69 938 948 536 338 824 762 484 1000 263 169 455 858 377 831 638 635 873 238 920 711 352 849 630 328 486 954 820 582 423 187 973 966 439 697 25 634 294 356 173 920 414 173 121 966 826 97 71 560 352 668 245 897 238 986 256 106 986 519 24 944 280 2 931 963
420 958 71 647 621 197 869 310 92 673 607 692 180 589 274 803 156 449 350 132 424 874 247 64 307 706 545 772 550 339 700 595 850 437 707 659 132 895 471 929 382 328 86 544 175 856 188 633 363 531 575 988 484 447 372 806 923 663 83 342 716 638 998 598 625 332 367 380 654 905 671 598 374 594 174 171 731 818 54 253 186 419 57 546 634 69 568 259 871 153
371 521 557 245 324 484 639 70 167 119 420 646 762 87 678 290 7 310 381 122 211 878 900 898 693 219 917 729 770 575 682 582 50 90 608 753 769 243 104 403 50 266 601 233 508 505 435 712 265 816 788 671 720 816 335 60 687 616 611 465 910 353 577 602 79 604 837 662 770 682 12 849 748 672 945 328 524 220 949 375 335 458 987 176 36 436 823 365 975 970
353 419 945 719 492 762 898 538 995 93 695 245 447 673 271 107 617 765 391 191 531 452 408 875 622 472 188 182 671 426 217 817 400 475 972 610 765 130 280 479 812 44 491 761 143 865 350 993 582 720 773 457 758 703 311 766 482 568 155 907 518 628 260 736 896 606 48 27 869 699 827 417 915 535 515 760 994 564 89 980 131 620 37 210 658 271 93 844 129 997
79 227 769 471 848 630 135 27 952 310 421 532 109 776 315 897 100 156 682 274 906 179 178 952 365 862 29 820 414 210 495 223 869 620 268 96 627 408 866 742 119 391 193 625 799 228 77 290 604 282 435 907 744 176 690 848 683 196 717 216 667 124 411 146 71 692 377 272 697 20 999 276 969 860 607 266 82 226 966 196 994 774 384 425 204 328 67 557 837 858
955 825 934 934 162 850 745 217 249 284 113 537 69 902 129 440 89 691 657 185 236 360 989 885 280 496 926 837 632 976 384 379 335 954 977 18 901 590 198 430 199 793 146 479 812 721 4 575 331 389 457 199 121 945 695 10 87 129 71 622 766 249 710 761 535 481 436 693 294 436 322 268 817 773 883 629 909 689 809 687 38 541 765 122 636 593 174 176 388 181
440 148 709 61 993 949 194 511 170 170 532 108 208 401 182 327 106 960 267 38 686 311 310 588 348 869 44 583 165 660 286 332 980 68 138 297 231 460 286 161 65 280 202 480 694 91 553 176 862 812 905 334 704 609 147 320 788 20 635 36 211 684 695 305 674 523 337 487 124 289 851 783 493 752 495 284 527 697 292 108 272 138 517 642 197 11 921 928 165 715
701 490 440 535 963 483 588 277 862 599 579 886 903 218 207 167 981 801 428 285 135 812 575 194 180 866 379 455 721 946 906 727 732 433 313 36 703 532 684 408 605 205 926 153 717 608 563 211 750 583 510 794 607 158 441 617 380 756 48 876 204 149 792 777 736 535 622 751 575 393 367 311 853 680 934 146 163 121 766 739 765 77 967 198 544 234 195 773 260 82
853 233 10 969 321 29 192 416 976 156 713 173 832 832 838 389 734 230 147 723 8 824 545 519 952 61 208 486 651 399 469 846 111 194 542 125 398 92 379 820 524 289 638 698 270 993 73 866 473 599 143 658 285 583 251 312 911 414 49 586 451 101 423 986 861 683 371 5 955 752 180 356 174 390 902 308 334 791 144 567 791 888 361 767 463 951 59 569 556 347
34 197 778 301 341 554 235 553 428 904 928 872 871 173 506 823 126 257 206 542 122 810 643 722 359 484 998 943 594 598 267 815 488 757 778 745 1000 684 353 107 899 144 503 120 984 148 251 634 909 682 728 978 908 181 323 65 384 273 76 822 709 894 446 17 429 158 245 239 247 228 418 164 35 330 997 324 642 46 561 78 166 556 524 660 425 227 696 643 629 135
502 360 166 267 181 566 484 613 36 543 980 929 876 166 125 889 469 198 957 113 408 96 324 848 556 291 268 542 753 69 853 610 445 863 246 264 844 132 406 489 777 108 118 244 541 242 78 915 422 362 493 228 547 541 931 425 87 863 490 893 591 913 596 254 516 814 399 447 337 74 45 919 650 539 91 705 587 698 515 28 664 260 574 338 170 743 932 356 977 883
915 831 230 801 951 308 939 409 242 701 280 232 56 797 34 610 794 843 15 94 333 992 691 695 303 510 33 258 391 789 253 82 860 123 457 229 492 121 574 524 805 838 534 165 728 382 809 306 798 198 21 215 228 339 606 997 744 276 830 460 85 800 16 736 282 258 77 642 570 307 970 169 341 388 13 948 949 827 432 97 276 419 434 844 206 545 949 16 595 867
763 34 836 614 632 578 350 160 544 75 117 330 54 867 542 655 430 878 382 577 638 107 300 931 60 97 505 385 303 501 268 314 819 215 509 549 825 416 535 951 164 25 966 548 301 561 868 837 421 537 53 93 2 855 40 777 385 311 760 311 357 373 339 682 37 279 605 60 870 647 59 604 494 496 798 767 856 259 167 394 667 497 716 20 500 931 894 711 533 662
787 662 963 38 301 728 455 604 770 857 101 712 830 416 523 433 682 472 636 83 496 599 862 449 673 993 497 785 656 726 795 253 602 411 801 843 875 307 434 551 825 752 242 690 343 621 225 450 987 98 25 347 760 549 94 578 147 562 603 332 940 761 666 284 505 982 664 240 375 971 298 334 824 940 522 442 209 509 23 357 121 434 173 265 438 636 732 403 407 573
716 732 852 824 587 765 603 971 710 936 386 858 940 182 194 605 273 657 97 673 340 2 181 233 136 508 75 515 957 213 2 213 698 421 780 76 169 20 478 118 363 680 205 893 672 348 406 206 58 314 911 562 417 428 214 81 681 38 589 815 469 223 694 517 137 466 231 96 898 476 814 272 802 523 291 425 130 480 261 872 329 360 811 615 812 458 5 599 430 324
79 8 744 110 525 307 199 793 221 991 537 524 250 402 675 242 72 232 80 483 758 317 887 181 797 756 977 602 176 383 620 639 644 919 770 304 961 348 595 420 266 263 744 153 440 801 245 420 601 52 383 562 621 567 924 273 260 673 609 254 503 185 566 408 391 920 273 209 867 396 263 958 451 517 268 876 227 296 278 95 805 966 814 266 556 524 2 384 532 938
155 123 867 175 368 721 3 724 528 306 651 559 855 760 120 908 719 891 289 236 498 894 852 709 981 91 642 187 742 610 64 281 876 482 923 182 226 193 634 337 498 824 136 554 487 56 656 292 125 126 33 965 822 482 634 86 628 782 38 933 942 832 565 600 389 421 805 148 304 766 141 980 27 277 730 927 870 353 753 425 795 364 438 664 166 718 72 731 352 905
19 46
10 27
69 31
