90 80
18 2 5 6 8 20 19 10 17 5 14 1 13 0 7 18 8 6 9 17 16 17 17 17 5 13 6 0 19 13 3 12 17 1 10 17 2 1 20 14 15 3 15 8 5 5 10 1 9 16 1 5 5 7 4 15 14 0 0 5 18 3 7 20 18 12 16 3 11 8 12 14 11 4 15 3 7 14 5 3
0 8 8 19 2 17 13 9 2 4 12 14 12 11 11 13 17 4 2 19 4 13 7 18 0 2 11 17 12 11 13 10 11 10 13 11 7 12 0 3 16 2 17 1 6 15 13 5 10 20 4 15 7 5 20 20 2 10 2 4 6 2 14 16 6 3 10 16 3 9 1 15 6 4 19 7 0 13 20 17
1 8 11 11 18 1 4 0 19 2 7 10 17 3 9 10 3 6 0 11 19 9 2 13 0 10 8 17 19 11 20 16 14 7 18 6 14 12 14 3 13 2 0 6 12 0 6 9 4 12 20 14 5 11 15 14 2 6 20 19 5 19 11 17 10 17 14 11 20 9 9 5 17 3 14 7 7 8 20 6
11 5 5 2 17 20 13 18 1 11 2 4 9 0 6 4 1 9 2 0 10 10 9 15 2 5 4 16 8 20 1 13 3 14 7 5 19 15 2 16 10 18 18 7 17 0 4 14 0 13 13 2 17 8 4 4 4 11 20 18 15 3 15 5 20 20 20 19 15 13 14 10 20 0 12 5 9 13 3 9
0 20 6 7 1 3 0 11 20 17 15 13 1 7 1 8 5 14 6 19 10 4 12 3 16 18 18 3 7 7 18 12 12 13 13 19 18 16 11 13 11 20 6 7 3 2 14 7 11 12 14 5 3 20 16 0 8 18 19 5 9 4 4 5 18 7 20 8 17 8 5 16 7 8 6 9 10 10 9 5
1 12 16 0 13 1 14 20 18 9 5 17 7 14 19 8 3 2 2 3 17 18 3 18 18 7 10 16 12 6 7 19 7 4 15 3 13 15 10 10 6 15 18 0 11 12 10 7 10 9 5 15 17 15 2 13 20 15 7 10 6 4 15 17 16 5 5 6 16 18 2 20 3 2 19 14 2 0 19 8
5 6 14 5 1 3 18 8 12 9 13 7 2 14 6 9 14 17 13 11 9 16 4 12 0 10 20 15 11 10 19 6 1 14 6 8 20 6 17 14 3 20 7 8 3 2 2 3 11 18 0 7 2 14 5 4 20 15 15 17 13 1 19 14 3 19 15 3 5 17 8 7 1 20 15 13 18 7 9 15
15 11 9 0 7 4 16 2 1 4 1 10 5 9 6 14 10 15 9 0 14 8 7 8 12 11 19 12 8 17 17 15 18 3 20 8 7 11 5 5 20 7 11 4 18 6 8 11 15 6 19 3 0 20 11 16 3 2 8 9 2 14 1 7 11 9 20 6 17 7 8 3 5 17 2 8 12 5 3 4
9 8 9 16 9 11 11 8 3 12 18 11 12 14 9 10 9 16 17 11 13 20 20 4 10 14 5 20 3 5 11 20 5 16 16 3 3 4 13 11 18 15 4 8 0 10 20 17 11 8 8 8 14 12 13 20 11 18 16 3 16 1 20 17 17 3 9 4 4 3 16 16 14 13 20 11 19 8 11 14
6 12 16 12 9 3 1 15 17 1 19 18 0 14 3 8 4 18 19 0 10 12 20 10 20 17 20 6 1 12 1 19 13 8 5 3 16 20 16 11 8 7 18 9 19 1 19 16 4 12 7 20 8 17 7 14 13 7 2 1 15 15 7 17 6 10 14 17 1 20 1 4 14 17 14 11 15 20 2 19
14 10 10 17 3 1 4 5 5 10 13 8 19 7 6 15 12 18 5 12 16 19 17 19 20 11 3 15 2 0 18 15 0 19 9 12 0 5 15 17 0 17 10 11 9 5 19 17 1 18 20 7 4 18 10 6 15 1 15 20 1 16 10 18 1 7 16 12 7 18 11 20 4 19 9 9 4 9 1 15
14 10 19 16 4 18 3 7 2 19 13 9 19 17 6 2 18 2 2 1 10 7 14 1 5 18 7 11 7 6 12 15 5 15 11 14 20 10 18 9 1 5 20 7 1 6 3 13 14 12 1 17 3 6 3 12 16 0 19 19 3 4 18 19 18 18 11 3 9 4 4 6 11 17 7 6 15 8 6 12
5 2 1 15 5 8 13 7 18 9 0 13 16 16 17 2 11 7 16 10 16 6 20 8 4 7 15 18 18 3 14 11 13 9 6 13 16 8 6 6 2 2 17 13 2 9 11 6 8 4 20 15 2 14 3 2 12 6 1 7 2 8 11 7 7 11 12 12 8 10 13 18 20 7 16 16 10 13 14 0
4 13 3 0 4 18 14 13 10 1 14 19 3 1 11 0 11 13 19 4 17 4 1 4 7 4 13 1 3 15 9 6 16 12 8 0 3 4 12 7 11 14 13 19 17 16 10 3 19 0 14 20 19 15 1 0 16 19 3 13 6 10 5 8 1 12 4 11 15 16 9 5 0 18 10 11 6 9 2 7
6 0 2 19 5 1 17 9 15 19 11 7 7 11 4 2 3 19 9 11 20 10 7 20 20 4 18 16 5 20 1 10 8 4 10 6 9 15 17 11 10 12 18 16 1 12 4 7 17 3 7 15 9 2 3 1 3 7 5 14 13 9 5 3 15 6 6 8 1 10 19 14 10 14 3 4 6 18 7 18
1 13 2 10 15 9 4 14 1 5 7 3 8 9 19 11 14 5 3 0 4 20 11 18 13 0 16 8 17 10 3 4 13 9 6 13 15 4 2 12 17 8 10 14 17 8 15 17 17 1 9 10 4 19 10 16 8 4 12 9 1 16 2 6 7 20 2 4 0 4 1 6 5 17 4 11 6 16 14 10
17 7 11 8 6 1 9 5 1 9 12 4 15 2 3 7 18 0 0 8 6 6 16 10 11 16 10 1 4 1 20 0 20 15 4 3 15 0 5 15 6 0 7 3 18 18 5 9 7 15 12 3 14 10 17 14 1 19 20 13 19 7 2 4 8 2 3 14 17 1 20 1 10 7 16 16 18 2 20 20
10 16 8 9 17 14 18 14 12 3 10 9 11 17 1 1 20 5 12 16 16 19 9 10 18 17 7 4 4 0 9 19 9 13 7 16 10 7 5 18 5 14 2 4 14 1 7 17 9 13 19 0 19 0 11 4 12 1 19 9 18 7 18 3 17 8 15 11 7 2 13 17 18 11 9 15 1 20 16 0
3 9 14 17 7 9 7 8 11 6 4 7 6 9 17 9 10 16 16 12 11 12 18 12 18 11 10 16 15 1 15 17 0 7 0 16 4 4 16 13 2 19 18 17 7 11 7 11 5 17 5 3 11 9 15 14 8 16 3 20 20 5 4 1 3 18 19 17 6 13 3 15 1 4 2 5 17 6 7 17
10 6 8 12 6 16 20 0 3 10 15 14 20 3 0 5 19 9 11 20 8 11 4 19 20 13 9 2 15 7 17 13 17 10 8 12 15 12 19 19 1 13 9 1 9 7 20 7 18 13 7 0 20 5 20 2 0 0 8 8 12 5 2 7 7 9 7 0 19 7 7 4 6 19 19 0 11 19 17 12
5 5 18 19 4 12 7 6 6 18 11 2 4 7 17 12 18 5 1 11 10 18 1 7 15 15 0 15 1 20 2 7 4 19 0 2 4 20 16 6 15 19 20 18 2 17 6 20 15 6 9 18 19 14 17 13 18 10 16 19 5 9 10 8 11 17 5 19 16 11 10 12 11 0 19 1 3 13 3 0
4 19 5 0 11 19 6 11 13 1 5 12 9 3 1 13 10 3 18 5 12 10 17 17 11 18 5 16 13 18 5 10 4 18 20 13 1 11 20 5 9 17 14 10 11 16 19 4 16 5 1 14 5 11 2 4 4 13 0 4 8 4 11 6 5 0 10 8 6 15 19 6 13 16 2 7 14 1 17 5
11 20 14 15 16 7 16 14 9 15 13 18 7 17 18 9 13 18 8 9 17 0 4 11 2 4 1 3 2 8 15 15 5 20 7 19 15 3 7 20 17 10 19 2 6 20 9 18 2 20 18 11 11 8 18 17 20 9 14 9 5 10 13 8 13 19 5 2 2 6 14 6 7 1 5 17 7 19 10 0
18 10 14 0 3 16 8 10 19 8 8 14 19 9 5 15 20 18 0 10 15 2 19 6 3 4 17 4 4 7 2 16 14 9 6 8 14 0 15 6 5 8 11 8 9 16 11 1 5 20 15 15 15 11 8 7 11 0 13 6 10 12 13 11 19 17 17 10 19 17 19 7 7 9 5 17 1 8 0 4
1 0 3 17 3 10 7 17 9 17 9 17 8 15 5 13 5 10 5 3 7 5 1 2 10 15 18 17 19 1 8 9 14 3 2 4 4 5 14 2 18 8 10 20 4 9 1 15 2 11 4 20 19 18 4 10 3 20 18 8 20 17 3 14 0 0 2 8 12 16 5 12 15 2 18 4 7 1 17 1
18 4 20 6 20 8 20 3 16 7 1 11 16 19 12 3 15 16 8 16 10 11 0 5 7 15 18 6 3 19 7 3 3 3 19 20 12 10 8 8 20 4 0 13 5 7 1 1 12 4 7 0 20 2 6 17 4 11 7 7 16 8 17 13 20 3 20 14 4 7 18 13 1 20 17 19 19 13 9 11
19 19 13 3 13 7 20 1 1 0 6 17 4 17 7 7 4 8 3 0 6 1 1 6 9 8 7 2 0 0 13 14 0 13 0 6 19 19 3 3 6 10 11 9 0 13 14 13 12 12 5 6 5 10 6 0 18 9 6 20 11 12 9 18 18 9 2 11 9 16 14 16 8 19 11 18 18 15 20 1
17 12 6 4 10 3 7 1 14 13 11 11 17 15 2 0 8 0 6 15 7 10 3 19 20 6 20 6 6 2 1 11 10 14 6 4 2 9 0 20 10 11 2 0 7 14 16 2 8 4 2 7 1 14 1 20 12 15 0 1 0 4 16 10 7 5 5 4 9 18 4 19 16 4 6 14 14 3 5 16
2 13 0 14 18 14 3 8 12 7 2 18 10 0 16 17 9 3 14 8 3 8 12 11 15 18 15 6 13 8 13 0 5 17 1 8 10 5 11 13 3 7 4 5 18 12 11 1 14 1 15 18 10 0 17 5 16 1 1 7 10 10 18 19 12 12 0 17 8 12 16 0 9 4 16 10 1 18 13 12
13 18 1 2 13 17 1 5 11 14 19 7 12 1 12 0 10 19 9 2 2 15 6 10 16 6 1 3 3 16 20 12 17 7 5 2 9 20 6 18 8 11 7 16 12 20 11 5 12 20 5 4 15 14 10 10 17 14 3 0 9 14 8 12 20 5 14 2 18 6 3 9 13 0 15 16 18 8 20 15
3 4 1 11 11 7 16 8 11 18 0 17 9 7 1 10 8 20 15 18 1 4 1 12 16 15 18 7 9 19 16 0 11 20 2 14 2 12 6 4 13 12 0 7 10 14 14 3 0 11 5 7 1 8 0 4 8 4 14 17 0 11 16 5 1 13 4 19 5 6 16 2 17 2 0 7 14 17 19 11
20 15 17 20 10 20 6 17 19 9 5 1 7 4 5 20 11 0 8 2 14 19 11 6 4 12 2 7 20 11 0 0 18 6 4 7 9 10 9 12 4 9 10 15 10 5 0 12 2 17 15 4 3 14 3 3 3 15 7 3 16 12 5 12 4 11 1 20 4 2 11 17 8 10 7 10 19 15 1 1
20 8 7 4 4 15 19 17 6 2 18 17 18 5 15 18 12 11 8 9 6 8 7 13 15 8 12 7 9 2 11 5 17 14 15 12 8 17 7 3 4 12 5 4 18 15 17 4 9 14 19 1 20 7 17 13 4 3 16 8 3 0 2 10 6 12 19 0 14 15 8 6 18 14 8 1 20 12 11 20
18 3 20 15 7 16 3 6 17 5 10 3 9 10 14 11 7 14 1 7 16 4 2 19 6 16 5 8 18 11 14 17 6 6 5 11 16 17 4 17 16 15 0 13 8 12 5 16 12 6 4 0 4 5 14 20 6 8 3 3 11 17 18 1 16 5 14 16 16 16 15 1 6 17 1 9 10 3 11 9
0 19 6 18 8 1 17 10 17 0 16 9 8 6 4 3 5 17 14 10 10 20 10 9 8 0 3 8 10 6 12 11 18 10 6 15 0 13 11 9 15 3 20 18 5 15 15 18 7 14 5 14 8 10 0 17 3 16 17 15 18 15 9 9 15 12 3 4 2 5 8 17 7 5 11 19 14 18 3 11
2 12 11 12 4 13 13 6 9 15 10 15 7 1 19 12 12 1 10 11 12 17 17 17 5 3 2 17 6 18 4 20 4 5 10 18 17 7 5 7 8 14 12 3 16 7 0 17 9 4 20 18 12 13 9 13 15 5 4 18 12 1 15 13 20 19 18 9 7 3 19 14 0 6 14 3 14 16 16 15
18 8 18 9 7 17 15 20 4 7 13 4 19 10 5 20 3 18 18 18 12 0 4 8 20 18 11 1 9 6 18 7 7 8 7 15 9 18 7 13 10 12 19 14 4 3 2 0 13 11 17 13 20 8 2 4 6 4 20 19 5 5 14 10 13 1 3 18 2 4 14 17 1 8 6 13 7 3 16 16
18 13 14 10 5 14 18 0 5 12 6 17 17 1 4 17 14 6 10 17 4 17 3 15 15 11 2 1 4 6 14 2 19 10 7 5 3 8 2 12 7 0 18 19 14 11 3 4 1 17 14 15 19 0 15 0 14 1 14 8 11 10 5 17 18 20 2 20 11 20 10 4 2 2 4 2 4 3 2 5
4 1 17 6 15 11 8 5 14 2 16 16 14 7 20 6 10 12 10 5 3 2 18 17 9 18 20 13 12 5 5 18 18 19 20 14 5 10 16 7 4 1 11 8 18 2 1 0 2 19 20 14 7 6 13 17 8 5 17 18 16 0 10 12 2 9 18 7 1 11 9 20 18 13 14 2 20 11 14 10
17 3 7 8 4 12 10 0 5 14 14 4 13 2 16 15 5 17 13 14 3 13 12 20 14 6 10 20 7 2 0 2 8 15 13 6 17 12 12 1 2 7 18 19 11 12 2 9 19 7 1 6 2 16 4 3 10 5 13 3 9 6 17 12 2 10 13 14 7 2 6 19 1 7 20 2 10 13 12 7
11 11 14 0 4 10 16 6 15 7 10 19 18 20 19 16 18 11 12 10 8 18 5 0 18 15 9 9 9 5 3 16 9 18 13 11 19 19 19 6 4 7 9 8 12 3 4 9 10 17 1 13 7 18 4 17 12 2 3 14 19 19 2 18 2 15 13 13 8 17 20 16 4 19 9 4 19 11 1 19
0 13 15 18 3 1 18 17 16 10 19 16 15 8 8 6 12 19 20 14 6 6 1 17 3 0 14 7 2 7 12 14 20 7 16 12 15 17 14 10 13 13 1 18 5 10 18 14 19 15 1 16 4 3 4 19 8 8 0 12 14 0 15 20 18 13 1 18 19 15 12 17 4 8 20 8 7 0 9 15
9 15 6 11 3 8 7 13 12 16 8 1 2 15 1 6 1 18 19 2 0 19 0 11 1 4 3 4 10 9 5 12 10 9 14 11 10 9 3 9 19 7 0 10 14 16 0 20 8 20 1 12 13 11 17 11 15 8 11 0 11 5 9 0 10 20 4 7 5 20 12 4 14 9 1 0 15 4 6 20
0 11 12 0 8 2 6 6 13 11 0 0 2 2 15 12 8 4 0 2 5 8 16 13 2 1 7 11 10 18 4 7 20 11 4 8 10 1 17 0 19 4 1 3 20 0 2 4 17 1 14 12 15 15 7 13 4 8 6 5 16 19 16 14 19 6 15 20 19 1 15 10 5 2 12 15 20 18 13 1
17 13 1 7 7 17 12 9 19 15 10 18 16 13 8 19 17 4 15 19 8 7 8 11 14 5 3 16 16 2 0 9 8 1 10 14 13 0 4 0 4 15 19 13 0 10 5 9 1 3 14 10 9 7 13 8 7 7 11 6 5 2 1 11 11 16 7 6 2 18 13 7 12 2 14 12 20 1 11 11
13 14 14 2 2 5 0 20 9 3 4 9 6 16 4 13 2 17 10 14 5 16 13 6 12 17 9 8 16 18 0 5 4 1 3 3 11 2 17 11 15 3 11 9 10 7 2 16 10 8 0 8 9 8 0 14 14 10 8 8 1 12 15 3 11 11 14 20 4 4 12 4 18 2 1 12 18 10 6 16
2 11 5 12 12 5 4 1 9 10 3 3 18 9 14 17 6 13 17 0 19 8 0 9 4 4 15 17 20 11 7 2 3 12 6 16 12 0 18 8 18 8 11 5 14 2 14 9 9 17 11 8 8 0 1 18 11 3 9 3 5 14 5 13 18 13 13 1 2 12 19 5 10 14 5 19 17 7 12 1
17 14 16 16 20 18 4 10 12 2 5 14 3 6 9 17 19 11 1 7 6 16 14 20 16 4 2 13 4 14 20 6 11 14 7 13 10 8 14 4 15 11 12 12 11 13 20 14 8 1 17 17 15 6 2 0 16 18 13 1 8 14 13 15 19 16 16 3 1 6 4 4 8 6 9 15 19 12 2 7
15 7 2 18 3 5 20 6 7 6 3 15 18 9 3 17 9 6 9 6 5 4 8 19 17 3 7 5 4 2 8 10 1 14 5 15 17 14 6 10 14 11 14 4 18 6 19 14 18 13 17 13 12 15 4 5 6 6 13 19 2 3 15 17 14 0 7 15 19 8 12 9 13 14 13 5 14 17 17 17
0 16 5 4 20 2 14 13 1 8 1 6 15 11 8 1 17 13 7 11 7 10 9 19 20 5 4 15 14 1 6 1 7 7 5 3 9 13 4 8 4 10 19 2 6 11 20 10 17 13 1 10 9 11 16 10 3 20 9 17 16 8 12 16 17 1 7 18 14 12 16 5 13 14 8 18 12 9 18 16
4 7 19 7 5 19 14 16 17 18 13 15 5 18 17 16 18 0 15 7 13 15 3 2 12 7 5 10 15 12 3 15 8 2 2 4 7 11 18 20 14 2 10 18 11 9 11 0 10 17 14 8 1 12 7 16 16 16 4 17 0 4 7 19 8 4 15 11 0 13 17 14 3 0 18 10 18 11 10 19
16 12 7 9 12 14 11 19 7 20 16 20 0 11 13 17 9 2 6 4 3 20 5 0 10 1 12 19 15 19 8 1 5 8 2 12 20 2 2 14 11 5 16 15 18 16 12 3 15 18 16 6 18 5 12 6 18 1 11 5 8 13 7 7 7 2 13 11 3 4 14 14 19 5 7 9 9 2 3 9
6 19 13 13 15 16 14 16 17 12 17 19 7 15 12 3 17 5 16 5 0 12 2 0 2 4 3 13 11 11 5 14 16 12 11 16 1 14 14 9 10 10 18 3 3 13 7 10 18 8 11 13 15 17 20 2 15 4 0 11 10 10 9 12 5 7 6 9 6 11 17 16 9 5 5 8 4 18 13 20
17 17 20 14 10 4 10 1 1 13 8 0 9 6 7 10 19 10 11 7 0 2 13 18 7 13 4 12 19 7 17 2 14 3 3 18 11 2 17 7 7 12 18 19 17 13 6 6 9 9 8 2 14 15 20 19 3 8 19 18 3 14 7 6 20 2 7 15 4 19 1 6 5 18 10 18 16 2 10 14
1 19 4 16 17 2 13 11 19 8 1 13 10 6 19 2 16 1 2 2 18 20 20 17 11 17 6 19 4 8 7 5 15 12 5 0 6 3 8 9 17 18 2 11 9 8 17 16 4 8 5 14 6 15 19 18 20 4 9 10 17 8 12 5 1 10 15 15 8 20 15 4 1 11 4 9 15 8 9 13
10 4 16 7 5 4 5 11 11 7 19 2 18 15 7 12 4 2 1 9 18 5 13 2 0 6 19 0 5 12 15 6 13 15 14 8 2 14 20 12 7 20 16 10 13 19 10 0 15 3 8 14 0 13 18 16 20 11 20 3 7 9 17 15 17 0 20 11 7 0 8 17 12 17 0 9 7 4 5 9
9 11 13 9 17 7 10 2 20 8 6 14 5 1 16 5 16 15 16 13 12 4 0 6 1 14 0 19 7 11 0 3 4 6 16 13 12 12 6 14 9 2 9 13 11 8 15 1 6 8 10 13 20 3 0 8 2 6 4 16 9 4 0 0 15 3 6 15 5 1 9 11 17 0 4 2 13 1 10 5
16 14 16 15 10 20 13 15 20 18 19 18 1 5 20 0 2 12 15 15 14 12 7 1 13 2 13 6 11 19 0 5 15 15 9 13 12 4 0 3 11 8 14 0 14 19 10 17 2 1 19 19 3 3 17 6 0 6 11 18 20 7 11 13 12 6 0 9 9 11 6 12 14 2 9 0 9 11 10 11
11 12 14 1 12 7 15 7 17 9 13 7 8 16 17 2 7 7 6 2 0 19 12 3 6 2 9 11 20 9 18 8 3 10 0 15 20 16 6 12 5 19 18 1 9 18 20 20 4 6 2 16 2 19 16 8 9 19 20 11 0 11 10 1 15 4 11 13 12 8 17 2 5 10 19 7 14 20 9 14
8 16 19 4 9 8 14 17 14 19 15 9 2 8 19 1 5 3 7 0 11 5 3 8 11 1 3 16 17 0 3 14 5 6 6 10 20 2 2 19 8 2 0 16 8 1 3 6 15 17 17 18 16 0 18 18 14 1 6 0 12 18 10 3 7 10 18 5 6 7 19 17 9 3 20 18 15 11 20 18
14 12 17 9 7 6 14 12 9 15 9 19 13 20 11 18 2 10 10 11 13 0 6 1 1 17 13 6 5 9 16 19 6 18 6 0 17 11 15 18 10 1 8 20 3 3 12 6 15 12 4 17 7 9 16 15 11 15 15 20 14 18 11 6 9 17 7 17 10 1 18 3 10 18 19 14 13 1 10 11
11 20 8 10 3 10 17 19 14 7 3 3 11 18 7 0 15 19 18 12 6 11 1 15 1 19 17 3 16 4 14 8 18 15 4 13 15 0 13 17 11 20 7 14 17 15 10 2 18 11 2 12 15 12 11 20 19 1 19 10 7 3 11 5 13 17 16 18 8 9 15 7 11 10 14 3 5 10 0 15
1 20 7 8 18 14 5 18 16 8 13 4 17 2 2 11 18 8 18 6 9 5 13 18 2 7 0 15 4 6 6 17 15 11 8 19 6 15 15 19 20 17 9 0 2 3 19 17 19 15 3 9 9 0 2 1 12 10 17 6 12 4 5 10 0 2 19 19 12 5 13 18 13 3 20 8 7 8 13 15
18 5 2 3 14 9 15 17 13 3 19 12 19 9 8 15 14 9 20 3 5 9 0 18 1 20 3 18 20 8 12 6 17 8 19 17 18 18 13 9 20 2 3 9 1 3 5 12 1 11 3 3 14 18 10 1 18 16 2 19 11 20 8 18 20 12 3 14 12 18 14 16 6 5 3 17 13 15 6 2
15 13 8 9 4 16 15 3 5 18 13 8 0 7 9 3 11 6 11 14 5 3 18 18 17 8 15 18 13 20 18 16 6 15 14 9 16 8 17 4 11 1 0 14 12 7 1 12 7 0 14 12 8 14 1 0 6 1 3 1 3 1 16 15 2 2 2 14 6 19 0 1 18 4 3 3 10 0 0 11
13 0 14 20 7 18 9 13 18 1 2 2 2 2 15 2 17 20 14 17 5 9 18 19 1 9 18 16 5 10 17 5 20 5 2 2 12 17 20 1 15 8 14 9 8 3 8 10 18 12 3 18 19 3 2 11 1 14 17 16 18 17 13 9 5 7 18 13 14 0 5 14 11 15 1 6 12 11 19 10
8 2 17 16 14 10 6 2 13 13 12 15 13 19 11 6 9 12 3 18 10 18 20 1 9 5 11 17 17 1 2 19 20 12 19 14 1 13 11 18 7 2 19 5 8 6 0 15 0 16 13 11 3 18 14 18 9 0 20 7 18 9 2 13 18 12 12 3 18 8 11 10 16 5 20 7 3 5 15 7
14 15 17 11 7 13 10 3 0 15 5 6 20 16 7 20 0 15 5 19 6 15 6 15 10 0 2 10 6 20 20 6 3 18 16 10 10 13 20 19 14 11 18 4 18 6 17 1 11 8 16 13 2 14 2 4 6 15 16 4 18 7 6 14 12 10 11 2 1 8 10 10 20 1 6 9 19 19 13 2
13 10 9 20 5 3 13 17 2 20 6 16 2 5 9 4 13 15 14 7 7 2 7 16 6 13 4 1 10 16 3 14 16 12 15 8 2 17 9 5 20 3 5 18 7 12 9 9 15 18 7 19 1 19 4 20 19 12 17 15 11 0 13 0 1 16 15 10 15 17 3 1 12 0 3 7 20 14 16 0
8 9 18 17 3 6 6 18 9 10 5 15 9 8 1 3 14 5 18 18 13 6 1 16 18 10 10 6 17 17 17 13 12 10 13 6 9 12 19 0 14 12 16 16 16 11 16 9 15 15 14 20 16 19 20 16 9 11 2 3 14 12 15 9 3 15 1 1 2 17 1 8 7 14 17 8 6 20 1 2
6 7 9 2 5 4 1 1 15 13 3 12 12 1 6 16 8 17 5 4 10 15 7 1 1 1 3 20 19 10 3 2 2 17 2 10 4 11 3 1 14 19 3 0 11 10 6 16 8 16 17 1 17 11 18 17 3 16 16 16 11 14 14 11 8 15 2 14 6 15 16 20 5 13 18 2 12 2 17 7
12 6 10 18 15 0 5 12 2 6 6 9 13 18 0 16 1 3 10 4 11 18 11 10 13 15 12 11 1 1 7 5 6 0 1 3 1 1 8 17 12 20 2 12 14 13 9 12 11 20 1 16 20 12 6 2 13 3 6 19 6 3 8 2 7 18 13 19 9 4 9 8 10 17 6 11 7 14 15 1
2 7 15 15 9 7 12 8 9 5 16 18 0 18 11 5 14 14 2 14 5 16 9 20 4 0 19 18 5 15 15 16 9 14 5 0 10 13 12 8 17 14 15 0 0 11 7 0 1 13 6 6 9 1 4 16 9 9 18 8 4 2 8 1 7 13 1 8 4 7 0 0 20 13 13 15 18 0 9 17
5 6 20 9 1 15 10 8 2 7 20 2 4 3 17 20 17 16 5 6 1 7 10 18 9 2 8 1 10 15 9 1 8 4 13 5 12 16 9 5 8 2 11 8 4 20 8 7 11 20 10 6 3 3 2 17 12 11 17 17 19 12 9 11 16 5 15 7 17 15 14 19 6 15 10 3 8 4 14 5
10 0 11 15 13 5 7 7 4 11 19 19 17 7 9 4 7 11 1 5 11 20 5 9 0 20 19 17 9 12 6 17 13 6 13 11 13 17 9 20 8 20 4 10 8 16 5 12 4 18 11 15 0 8 1 17 3 7 19 2 0 7 3 3 12 1 5 2 20 16 17 13 13 9 1 1 8 10 16 5
15 14 7 8 19 6 5 9 14 14 7 13 14 2 2 2 10 13 1 2 16 18 19 5 18 5 19 11 9 5 8 11 14 12 15 0 13 10 5 7 2 2 8 1 0 17 13 10 1 0 12 12 6 2 5 11 13 17 10 18 18 13 1 9 4 3 18 1 11 10 19 1 1 19 5 12 1 17 10 9
15 2 20 15 12 0 15 10 7 15 0 6 2 16 3 14 11 2 18 4 2 3 7 18 1 1 13 16 19 19 13 10 4 10 6 1 9 5 13 1 13 4 19 9 15 15 20 1 3 4 6 0 8 10 17 19 9 11 20 15 2 18 19 18 1 16 0 4 4 9 5 12 17 3 6 10 0 15 10 12
13 8 13 11 15 20 5 5 2 11 15 10 12 5 2 20 15 18 19 14 12 19 7 11 7 14 4 10 11 19 16 9 19 3 18 18 3 15 7 18 7 19 5 17 5 18 2 8 12 5 1 0 12 13 15 7 15 5 4 12 8 14 9 10 20 5 13 1 15 18 9 17 1 2 5 11 18 14 8 15
6 8 14 0 15 19 14 8 4 11 13 15 5 7 5 6 20 4 19 8 17 8 3 2 19 13 6 5 11 17 7 17 1 9 7 2 0 1 3 16 17 18 14 3 15 20 0 7 10 19 17 1 1 8 5 7 3 4 10 19 7 6 1 19 7 5 8 13 10 2 15 3 18 1 6 12 0 6 19 0
11 2 3 16 11 9 2 12 13 11 5 0 16 20 15 8 17 12 20 3 18 16 7 13 20 7 19 1 7 4 17 17 6 15 18 12 9 10 1 2 20 0 10 6 6 16 10 13 3 13 0 3 3 18 14 14 6 8 1 6 8 12 17 5 2 16 14 15 14 16 18 16 4 13 17 7 17 18 3 17
3 8 11 10 19 1 15 0 8 7 17 0 10 11 2 15 1 1 1 0 17 16 0 15 3 15 11 3 5 2 7 3 0 2 0 5 10 9 7 9 0 8 7 1 4 15 10 3 4 1 18 6 11 20 20 12 6 12 10 20 11 10 9 8 0 1 15 0 2 8 11 7 5 6 2 13 20 4 20 7
17 8 17 10 15 13 20 4 10 7 16 20 10 2 0 6 16 12 13 12 2 9 3 1 14 3 8 9 0 15 7 15 18 18 16 5 14 14 1 2 13 0 16 2 0 16 0 14 3 7 17 6 19 9 0 2 20 0 0 20 2 0 14 3 19 3 16 9 12 13 4 15 18 16 3 4 11 13 14 5
17 0 6 14 6 17 9 17 9 13 1 11 0 12 11 9 1 18 19 12 13 2 10 8 14 17 1 6 1 2 12 8 19 17 4 1 14 19 12 15 11 14 8 19 19 19 18 16 8 20 17 16 2 6 6 10 18 6 16 2 10 5 17 9 14 6 17 16 18 5 14 18 19 11 5 4 2 4 4 15
19 0 15 17 0 10 18 13 2 10 11 10 9 10 9 14 16 0 20 14 4 9 8 6 11 17 19 8 14 4 1 15 0 9 20 14 12 11 15 1 4 17 2 11 20 15 6 3 12 14 7 8 8 0 5 17 14 4 4 16 18 6 17 16 10 0 14 20 9 4 3 12 2 11 13 15 14 8 2 16
4 12 12 10 20 19 19 8 2 3 18 12 14 18 19 17 6 10 15 6 4 12 4 15 10 18 10 11 12 7 12 2 12 17 1 11 15 14 1 19 17 5 3 0 12 20 18 5 16 4 16 19 12 8 11 2 5 3 18 18 10 10 5 14 18 4 19 16 5 1 16 20 0 13 8 13 18 2 16 9
3 12 0 10 11 12 11 14 13 17 20 19 0 2 13 16 1 8 17 5 2 11 5 6 6 12 18 15 13 2 11 5 4 1 6 6 13 16 7 12 10 2 14 13 3 10 10 0 9 13 18 1 3 5 11 17 10 5 0 5 4 17 17 14 19 18 16 13 12 7 6 14 7 0 18 1 4 19 9 11
7 19 1 14 18 11 5 1 17 1 8 11 17 15 3 1 18 11 19 20 13 12 0 10 15 3 12 15 20 20 10 5 0 9 17 11 16 20 20 0 5 13 5 4 12 2 12 3 3 8 19 1 12 15 11 20 1 12 9 14 3 8 6 18 6 7 4 7 2 18 15 0 14 13 9 19 16 0 20 11
14 16 6 20 9 9 2 16 16 6 18 5 13 3 19 15 11 3 16 2 8 17 0 11 2 14 7 16 17 11 12 14 13 16 2 13 6 13 9 19 10 11 17 9 9 7 15 7 17 20 2 17 10 16 15 9 19 8 1 20 6 17 19 11 17 4 0 10 20 18 16 0 13 19 11 0 13 5 0 1
12 15 11 15 17 2 8 11 2 17 18 17 1 13 1 4 12 11 20 19 13 18 3 13 15 7 11 4 7 0 19 0 16 8 5 0 0 13 20 6 0 13 10 1 12 15 18 17 18 19 0 1 7 16 14 10 13 17 5 7 10 2 17 13 16 17 15 19 15 9 11 4 14 19 5 0 10 6 18 12
2 3 1 18 3 17 10 11 4 13 14 15 3 4 2 10 3 1 2 5 14 0 18 4 5 20 20 19 15 17 13 15 6 18 19 1 15 20 3 2 6 10 15 12 7 17 8 18 2 9 12 5 20 9 14 20 7 12 8 2 15 10 12 18 3 1 20 16 1 20 20 17 17 19 7 17 8 8 8 6
436 887 633 539 477 692 922 206 690 817 579 963 467 50 478 784 611 718 632 310 80 679 737 513 204 217 841 911 932 826 633 724 268 671 415 494 493 725 541 623 105 87 181 476 339 617 594 22 974 811 472 720 295 12 450 506 912 414 547 221 260 577 191 879 729 6 392 494 499 546 66 727 203 240 902 979 988 482 85 606
47 31 978 377 213 717 664 328 492 921 197 797 726 84 652 768 906 366 385 18 43 642 48 605 470 545 325 423 195 9 672 242 350 822 989 681 212 855 258 95 453 598 804 190 745 469 739 827 934 14 268 574 932 268 198 531 588 181 124 300 919 193 201 63 674 14 567 948 36 524 529 814 734 315 238 867 214 160 743 200
627 999 87 166 55 39 58 83 641 750 149 339 341 800 221 114 992 440 608 748 217 735 631 615 993 161 377 219 90 100 963 681 734 129 682 895 565 584 985 204 275 927 643 408 878 102 922 135 184 624 311 144 452 422 621 653 781 576 566 864 460 395 485 844 709 373 902 163 726 893 298 16 998 914 367 288 765 40 2 392
74 645 653 682 642 446 352 191 666 441 636 563 566 691 319 134 612 379 62 251 737 104 991 52 813 943 461 872 943 914 585 470 589 615 476 521 415 182 623 314 3 216 998 250 255 590 947 975 304 686 150 200 923 966 439 112 18 476 757 320 39 887 695 610 405 524 416 72 196 398 195 5 534 511 152 938 442 537 724 371
22 203 742 330 752 570 194 720 91 653 380 503 590 634 726 674 320 199 26 49 478 41 78 1 850 957 35 209 341 797 738 169 334 125 692 268 306 774 532 272 737 61 147 965 158 65 9 678 27 862 641 314 883 559 25 661 922 132 888 985 607 743 856 234 833 41 460 483 104 561 16 841 411 602 666 906 241 935 289 751
199 706 975 162 395 423 726 698 915 504 514 508 592 267 782 560 171 836 270 770 7 864 263 39 530 214 236 305 515 466 864 845 278 828 344 499 854 773 794 501 45 141 200 621 110 962 910 19 576 42 1 496 259 117 120 855 940 191 170 295 943 857 375 523 262 896 438 316 186 996 533 353 345 828 792 520 285 588 768 132
332 909 780 613 681 351 891 194 207 526 124 634 171 668 367 812 973 767 363 633 533 114 561 537 191 887 330 494 715 574 700 427 395 365 348 367 624 364 431 712 350 151 53 781 191 444 111 658 900 911 189 649 210 322 580 98 869 892 879 227 861 546 908 331 231 569 110 801 815 717 776 645 44 894 900 835 870 65 93 58
817 905 457 797 911 536 429 610 516 688 209 531 656 911 913 827 947 20 369 774 486 345 667 51 141 668 869 339 821 440 956 984 53 504 319 488 4 173 462 327 95 298 241 674 313 887 471 383 214 309 36 397 635 810 661 616 556 656 133 789 611 324 877 474 62 790 870 193 352 763 31 850 186 771 985 522 103 558 844 351
198 341 822 611 625 388 757 780 799 72 442 621 271 155 939 838 506 620 985 751 895 615 257 125 527 596 735 520 449 624 818 628 55 863 671 269 301 638 36 48 595 220 514 366 287 333 221 636 534 830 905 775 623 452 794 772 482 148 812 480 691 83 984 741 322 635 693 173 91 940 454 192 583 414 83 611 496 23 359 792
666 281 621 637 838 619 745 744 338 471 944 649 788 54 79 792 859 207 640 673 863 728 940 549 167 154 884 950 127 971 260 402 792 105 846 798 947 17 360 190 906 472 582 895 785 818 425 961 431 81 654 755 27 351 722 125 663 374 342 209 975 726 911 637 929 144 768 78 784 685 859 218 124 427 750 827 420 50 699 121
602 701 223 115 793 938 111 547 901 763 320 53 637 214 298 813 284 683 575 903 959 893 922 744 760 93 164 759 980 476 211 215 822 244 76 731 919 782 398 498 856 552 745 159 185 376 15 57 380 755 277 486 390 920 756 308 40 588 948 140 323 112 497 436 897 334 542 575 992 185 978 271 518 876 322 76 414 789 707 462
223 503 834 787 888 751 776 519 373 414 646 580 710 715 977 834 703 349 917 577 568 863 302 298 467 997 161 162 739 512 803 527 911 134 468 680 395 4 377 658 736 325 506 843 766 20 771 755 412 590 445 531 67 23 640 269 476 119 919 98 623 341 273 639 114 597 74 677 120 460 44 771 447 931 700 982 629 163 971 266
100 468 98 332 682 814 539 722 761 549 757 283 622 226 302 285 832 494 119 34 334 169 606 63 957 730 720 405 849 733 96 990 754 339 361 50 894 654 409 449 156 70 203 32 819 382 408 921 115 653 504 571 669 493 124 321 796 952 15 582 731 913 83 978 773 714 808 760 680 148 359 400 721 377 10 879 274 340 22 400
383 45 679 25 21 159 268 166 568 530 499 782 502 522 576 7 110 409 850 749 915 228 541 983 309 269 912 948 39 918 531 216 997 689 156 77 418 336 896 868 756 848 12 190 55 299 693 220 410 33 124 74 826 520 524 829 799 771 281 616 300 701 320 655 660 571 229 218 191 677 727 479 676 11 934 347 166 593 86 723
843 922 533 151 57 322 833 857 51 602 837 184 791 237 181 918 728 580 868 660 741 153 342 904 124 688 795 697 810 315 245 704 544 14 555 783 199 940 293 559 596 152 866 559 986 542 366 799 694 347 304 691 375 307 523 43 356 203 28 457 740 578 686 652 412 414 871 708 37 423 20 242 730 604 250 762 893 740 774 934
548 810 952 643 423 503 528 908 552 858 316 810 161 122 42 180 587 506 222 454 417 55 777 11 985 76 944 115 269 921 844 415 59 481 579 63 581 544 139 306 589 527 569 610 18 477 848 560 617 322 190 140 963 789 79 768 778 94 458 764 751 755 247 591 863 428 466 351 324 423 615 5 965 53 413 56 152 838 360 428
205 494 884 82 208 799 332 216 295 808 820 193 524 810 157 650 870 569 253 118 9 959 863 17 864 524 115 281 610 611 573 480 609 185 143 477 676 579 667 906 225 191 644 172 760 84 42 164 891 288 787 748 468 54 741 556 416 438 306 495 941 895 763 49 201 791 464 378 595 255 599 323 994 947 138 61 768 448 54 744
18 32 555 434 142 379 195 408 558 111 209 311 42 792 939 563 466 488 975 415 220 192 823 699 315 658 710 424 232 326 89 749 773 796 737 617 627 556 537 637 330 620 24 72 730 372 521 55 109 616 749 220 80 962 363 341 666 2 231 149 146 865 394 395 390 585 766 479 955 763 408 309 709 667 271 781 693 751 665 921
793 917 156 522 462 760 377 201 190 196 590 322 931 1000 903 840 47 417 854 133 568 413 441 375 210 560 975 569 697 475 604 291 456 391 595 690 695 285 941 5 606 759 276 137 569 88 486 618 436 515 874 802 208 859 937 409 897 415 309 969 311 298 875 893 460 787 473 506 506 135 371 938 141 716 371 79 439 961 492 235
88 66 705 20 548 921 765 710 345 410 143 733 102 608 142 612 567 35 475 210 739 525 875 636 396 621 890 762 142 154 117 424 111 963 35 719 710 617 678 851 60 248 86 300 346 733 683 723 198 723 912 487 765 536 99 50 228 34 723 463 791 725 14 709 664 411 147 951 958 30 61 646 143 87 41 349 82 177 693 536
680 339 74 828 32 162 173 492 592 55 586 26 414 172 396 939 101 811 460 812 425 975 738 92 697 383 135 394 735 456 248 123 432 198 802 449 403 936 702 84 631 843 472 370 361 902 898 29 580 478 473 55 295 223 957 362 829 715 813 929 683 891 825 25 976 493 902 795 418 219 143 541 972 556 847 992 585 172 959 203
764 813 151 988 734 586 519 291 184 116 225 843 314 902 580 438 467 812 362 204 426 92 888 694 555 670 109 928 997 376 994 390 871 507 664 759 976 343 919 615 655 673 536 400 165 887 690 753 250 223 846 501 453 725 753 15 591 871 885 596 51 43 242 510 605 204 843 591 850 607 435 208 207 688 278 269 131 374 856 216
153 763 571 846 531 41 528 163 130 5 617 435 905 353 870 27 309 470 472 405 778 590 605 272 344 92 846 696 107 269 834 367 765 891 737 160 954 72 721 605 477 798 619 645 688 505 982 789 128 445 692 62 640 497 261 149 727 320 187 288 302 308 387 324 585 250 82 617 331 366 768 648 214 919 32 638 147 218 222 593
215 301 589 863 625 636 481 4 698 993 48 591 36 449 84 315 183 661 338 311 327 719 748 827 160 764 750 672 31 770 841 29 276 14 316 664 794 289 682 515 152 522 89 391 237 446 545 807 26 878 623 280 22 263 544 2 259 84 721 9 556 220 178 374 549 475 782 581 276 692 681 13 865 416 82 48 948 620 905 128
142 564 659 258 94 546 195 517 936 736 678 166 916 101 584 23 13 837 725 573 214 965 442 598 122 731 259 883 245 838 477 606 38 985 353 905 70 2 978 435 271 539 694 806 523 176 248 661 671 103 483 570 837 212 41 552 907 771 526 892 620 726 971 1000 278 965 420 942 883 747 202 723 884 78 789 602 565 490 773 647
981 395 561 134 188 388 351 767 91 423 59 524 268 246 48 751 763 44 943 685 288 51 156 293 321 639 574 602 894 417 583 563 549 456 24 459 104 247 456 875 787 489 18 94 675 724 538 604 942 884 192 583 115 802 101 933 162 706 367 552 199 72 826 477 87 405 352 18 790 997 890 943 160 793 19 366 738 838 314 318
426 963 209 467 871 910 931 638 388 678 902 709 231 380 676 339 776 544 629 333 950 413 70 278 996 798 710 498 228 322 411 781 729 751 599 502 614 670 493 593 417 858 848 821 294 479 617 368 727 717 548 338 867 146 497 156 547 895 251 106 619 902 721 14 722 294 317 321 188 257 53 821 590 334 215 436 892 337 322 463
199 756 27 139 805 605 678 142 23 14 117 792 507 982 241 649 653 554 724 884 293 918 32 218 360 629 583 303 197 65 115 639 952 940 392 319 74 304 323 107 342 437 599 182 692 467 483 503 377 408 127 764 242 503 197 197 669 470 154 572 949 912 337 333 487 285 612 925 580 313 915 225 993 406 473 462 760 676 343 109
504 395 590 741 746 222 61 309 387 315 467 389 622 307 998 163 873 785 204 937 551 176 815 501 324 548 1 923 824 953 110 296 997 265 762 770 981 732 663 27 76 709 50 14 625 120 437 314 573 861 292 82 436 397 841 916 299 986 545 169 666 88 594 603 912 789 274 692 851 590 585 263 529 644 332 1 568 965 26 939
44 105 986 871 558 216 74 426 467 114 345 235 415 360 554 971 327 703 450 31 733 416 421 814 818 352 2 271 513 15 883 744 829 658 296 489 289 553 353 466 222 244 161 719 471 921 884 712 663 765 104 638 55 773 431 637 796 641 874 671 998 366 338 716 424 554 312 488 663 115 80 237 751 352 546 800 491 781 507 702
658 488 827 446 908 119 847 910 89 450 646 132 203 581 222 917 194 657 132 360 336 345 874 958 428 743 126 605 988 370 343 879 654 214 948 920 543 488 288 142 478 146 690 371 827 102 960 55 467 407 719 830 891 218 283 19 301 117 917 450 853 23 995 780 846 541 765 860 162 115 716 855 842 41 117 46 586 521 971 253
893 539 219 199 853 553 533 481 189 311 522 1 531 3 143 790 47 692 580 799 644 621 558 179 810 181 470 830 104 275 144 788 606 928 666 421 379 3 136 807 627 257 394 35 838 121 366 823 372 492 755 206 962 284 675 78 2 279 59 775 438 856 553 77 236 9 483 459 810 549 906 875 337 735 603 34 32 747 147 406
740 806 416 238 242 425 810 638 150 616 325 149 726 81 693 135 614 369 615 627 181 530 932 483 4 595 400 293 9 908 911 438 474 941 790 557 920 791 598 259 135 403 648 39 83 564 47 290 256 964 949 155 597 535 567 744 50 332 34 893 623 163 830 145 139 394 1 262 694 777 217 861 209 712 146 201 222 891 552 189
29 579 529 891 815 93 319 101 815 356 467 484 954 328 364 694 441 680 8 405 229 680 495 487 553 471 405 455 416 733 738 828 490 796 380 121 373 192 407 24 267 309 795 819 146 63 464 289 286 347 851 121 742 981 540 611 972 150 71 588 783 605 294 457 726 513 667 418 640 472 293 822 548 708 12 895 823 912 35 933
924 266 779 875 35 381 657 657 496 16 941 7 286 37 952 392 114 994 338 475 667 61 313 930 733 27 742 282 807 18 920 458 294 55 306 988 362 461 748 559 741 267 581 200 81 88 215 324 793 695 262 493 853 372 312 494 410 921 837 929 461 906 213 545 129 939 568 962 798 264 738 971 93 736 435 766 499 746 421 214
951 829 706 969 696 2 856 41 665 18 208 759 452 648 22 304 318 612 630 694 387 304 573 563 631 10 595 630 494 661 450 594 778 988 965 130 443 407 955 821 249 731 612 743 189 990 279 593 230 718 596 538 294 210 678 986 843 396 411 608 692 284 253 794 769 925 748 419 141 102 432 511 947 393 718 186 348 853 729 410
272 455 831 743 807 223 139 645 937 393 987 299 984 50 959 901 153 663 591 228 15 786 796 934 249 922 891 212 493 100 659 738 24 975 769 12 273 314 120 513 497 329 463 57 512 401 606 367 803 831 860 75 74 758 437 714 820 574 874 888 94 439 309 717 892 826 74 194 486 857 734 585 292 360 572 261 88 713 892 494
150 724 446 38 742 452 95 187 112 638 587 962 814 846 864 801 246 275 9 334 249 989 573 841 286 743 531 200 283 902 30 283 209 170 816 659 214 706 859 889 285 934 845 72 23 781 719 417 870 993 912 592 813 854 202 272 81 11 875 90 474 82 583 216 868 300 299 715 636 689 208 412 469 53 919 457 262 831 364 509
785 343 398 799 129 139 347 352 476 474 626 235 682 511 169 302 707 87 743 408 128 153 386 834 750 416 231 428 242 921 398 12 840 115 642 691 698 206 281 142 925 629 949 538 115 428 636 236 565 277 392 667 230 303 603 842 769 982 86 126 61 387 20 413 215 150 184 387 333 464 603 896 411 99 504 372 38 531 976 670
147 111 432 68 631 563 459 130 641 778 782 856 705 920 570 969 324 847 584 180 109 651 3 226 53 980 793 298 652 293 607 505 608 873 321 953 108 881 232 512 537 163 966 419 784 413 328 821 495 379 2 866 511 68 890 96 72 465 855 370 252 345 472 856 345 584 248 757 221 889 542 256 125 380 944 791 605 659 412 240
949 4 282 20 961 936 463 402 288 562 214 372 956 63 509 634 980 539 1 865 694 63 146 398 857 686 298 826 508 518 234 900 778 659 901 897 359 46 629 982 285 833 345 407 172 193 579 844 579 29 338 442 75 826 793 176 999 79 728 336 850 488 891 966 523 766 376 75 266 275 846 770 231 394 951 851 37 777 533 790
113 315 55 237 611 658 898 384 695 390 482 993 202 866 808 88 392 314 110 15 3 701 503 377 781 852 742 413 290 219 534 102 814 787 413 992 629 282 393 779 393 400 991 1 456 778 442 682 638 755 970 391 228 290 816 502 923 699 684 215 829 322 156 422 481 171 886 521 33 921 617 524 502 235 355 22 590 508 317 546
728 543 817 58 715 810 843 122 898 318 846 606 263 874 803 356 391 15 799 149 85 109 130 83 3 785 413 375 327 811 986 79 857 938 118 430 542 114 678 48 786 788 558 283 752 59 439 150 29 881 543 708 319 628 970 173 433 90 684 110 617 781 729 115 183 967 449 243 6 922 782 300 324 781 567 159 93 872 472 659
723 960 865 298 300 2 218 618 191 426 531 54 798 432 648 642 769 661 414 21 330 494 462 229 92 97 300 439 596 632 86 411 645 860 838 411 771 259 876 966 305 50 63 605 994 879 692 460 848 782 322 669 870 291 709 850 698 51 674 298 697 389 33 393 324 337 430 545 515 415 864 27 318 339 718 915 883 315 860 821
454 873 411 440 768 595 749 780 217 925 369 51 198 198 743 687 551 176 642 858 636 975 637 994 8 768 179 349 463 773 512 712 47 291 711 300 374 130 818 84 554 206 120 414 255 982 209 689 825 303 813 234 691 852 576 184 746 559 655 539 463 514 18 640 502 965 937 863 975 195 390 111 942 828 369 653 973 409 479 658
572 28 377 670 943 547 558 743 68 591 704 157 584 453 936 590 81 691 17 404 491 656 52 34 298 22 713 788 173 247 485 555 788 791 308 267 475 744 783 33 3 411 376 929 757 731 693 282 125 998 701 337 364 384 725 861 399 411 283 699 721 493 887 118 32 755 868 594 473 626 278 35 977 485 353 733 989 257 140 708
755 714 120 743 991 119 203 353 183 619 127 208 659 974 46 353 668 346 906 226 108 4 838 137 93 398 147 443 696 144 113 457 432 763 745 315 990 122 773 114 912 623 806 849 803 868 447 179 159 13 257 204 102 57 853 273 1 444 474 651 969 584 144 878 814 700 943 24 538 582 55 837 175 787 669 708 719 532 904 186
953 974 365 648 253 651 790 317 11 988 754 440 878 848 746 980 994 312 745 443 369 199 393 374 147 856 563 377 582 971 301 599 634 389 719 138 864 777 68 252 900 726 834 678 742 901 344 796 849 590 385 496 722 409 832 292 619 555 497 31 777 656 553 797 955 653 584 943 755 992 566 793 850 744 251 474 949 106 299 529
198 323 873 435 424 447 125 307 284 105 441 310 956 879 878 383 623 211 187 884 812 189 901 161 730 260 198 371 752 326 56 959 113 937 309 616 76 867 722 421 659 791 13 60 939 985 392 372 730 706 713 38 580 785 455 35 193 324 729 714 247 24 9 197 574 613 160 60 626 845 691 457 485 188 71 771 233 358 722 137
923 103 985 600 402 546 78 329 938 826 178 560 372 933 691 412 577 314 518 177 942 900 253 895 114 944 900 781 360 168 530 98 732 949 206 783 861 251 742 107 614 955 794 974 313 360 163 697 460 160 294 256 832 630 362 863 270 155 368 817 189 513 92 329 264 334 310 690 503 883 129 131 182 258 663 838 111 38 44 386
310 10 870 64 536 309 543 315 381 208 834 271 659 778 600 403 29 359 329 918 41 986 880 125 595 97 139 700 246 548 579 629 165 149 262 592 326 118 523 773 533 169 619 728 853 163 148 256 847 305 572 206 258 509 140 287 592 543 67 971 648 743 191 279 522 156 667 438 867 680 457 268 217 231 672 483 882 946 565 48
473 116 397 462 115 869 144 465 861 735 69 548 666 172 284 936 358 66 560 366 417 20 645 445 848 140 781 301 672 180 647 78 886 470 798 803 630 122 789 519 892 957 443 578 832 707 573 187 476 402 320 827 305 991 159 499 483 822 512 667 33 448 635 713 751 423 537 752 653 970 488 256 322 252 919 90 43 900 1 278
114 199 861 288 970 44 681 227 193 174 823 618 388 335 320 36 158 964 498 401 395 868 906 665 394 972 25 155 912 435 734 312 193 596 115 545 34 311 727 487 698 601 731 587 158 903 583 974 741 448 213 973 702 449 9 388 703 604 705 374 772 650 779 4 604 522 295 917 256 57 574 961 387 373 949 765 951 403 936 112
907 61 456 81 749 827 643 120 771 86 486 581 612 453 938 639 285 724 916 599 649 656 725 902 515 954 141 498 708 969 167 982 251 983 678 938 479 901 741 60 418 31 818 580 12 581 377 287 607 781 354 47 456 593 267 121 541 388 904 431 69 16 263 706 517 897 24 45 801 391 441 475 858 392 808 114 380 6 308 11
157 794 304 110 584 418 741 912 815 616 790 463 17 888 245 396 622 441 584 129 670 10 956 863 616 438 35 151 35 207 142 83 405 90 779 574 129 135 543 600 589 492 142 662 794 481 438 909 958 230 346 516 596 949 691 173 838 947 903 988 816 424 437 503 521 445 40 994 309 846 724 997 858 740 976 696 230 101 370 986
658 841 260 896 222 920 386 819 875 784 972 296 296 52 533 577 680 637 88 499 965 916 738 541 27 786 852 387 597 773 670 514 829 469 492 80 47 224 297 577 674 660 653 109 753 735 984 830 433 266 881 540 8 916 352 106 259 407 890 684 863 811 249 314 841 938 299 292 940 422 610 769 776 595 931 664 876 902 421 994
315 265 252 235 954 417 626 803 289 350 117 618 602 958 242 700 584 115 163 427 233 273 493 53 474 731 695 608 683 63 732 729 877 410 484 553 151 66 10 408 781 325 300 920 987 523 53 654 399 17 604 905 617 67 891 23 795 992 397 67 778 871 841 818 62 215 392 936 95 655 461 493 138 342 337 424 435 153 19 392
804 489 527 722 856 405 227 826 321 474 525 179 167 269 401 777 245 259 14 453 573 649 496 972 650 51 88 670 546 576 775 175 532 684 264 216 57 205 33 49 94 112 230 751 666 854 33 562 374 624 449 895 358 723 131 975 37 42 186 194 161 995 464 537 759 675 79 267 692 532 696 436 191 510 308 951 344 928 348 160
564 722 801 522 121 266 470 581 756 793 645 83 786 279 970 21 410 790 748 35 8 219 997 135 896 850 496 193 648 994 236 453 320 490 450 633 28 205 718 28 800 441 408 806 713 825 457 446 261 102 623 616 862 951 301 986 312 947 704 271 521 722 388 784 869 474 143 885 969 760 222 863 356 364 824 274 172 982 777 446
986 273 893 750 484 782 741 427 680 71 161 817 937 959 518 643 638 20 10 728 364 625 749 415 207 282 687 204 257 243 5 966 625 924 881 515 525 141 38 429 679 699 988 118 773 596 664 393 437 165 943 82 606 918 321 608 667 364 918 140 625 510 770 158 301 806 969 465 964 941 453 696 719 462 314 55 182 427 752 265
482 446 552 902 838 147 635 985 429 18 721 137 503 55 345 914 777 341 15 221 93 257 500 527 272 436 54 800 966 49 760 471 525 187 477 683 109 913 349 846 909 325 441 55 802 397 622 808 595 663 459 420 722 774 491 74 188 192 924 675 639 608 451 951 478 216 844 864 819 790 886 627 339 173 689 386 469 768 447 586
146 297 596 558 455 223 877 940 937 958 106 660 310 457 599 975 314 396 425 383 465 197 251 301 14 179 896 972 42 538 130 123 779 869 844 83 824 535 290 589 40 252 882 36 267 706 290 675 474 234 547 619 909 711 961 248 355 445 96 250 806 263 511 587 1000 373 462 33 918 79 405 40 830 111 730 685 847 650 186 946
754 489 769 884 195 76 396 253 15 757 994 451 616 353 684 247 401 27 529 443 135 556 10 918 493 122 939 436 433 146 418 207 750 135 432 405 657 73 811 851 677 235 118 375 565 870 382 441 433 890 303 629 476 906 300 973 421 218 231 579 447 763 283 372 508 990 75 405 744 593 454 55 29 683 214 245 341 739 15 143
176 133 761 486 604 671 483 794 974 540 612 867 324 704 206 560 301 299 601 698 543 847 301 588 794 631 357 767 708 610 688 543 656 897 925 775 749 386 974 157 972 591 169 987 150 953 377 196 934 768 168 479 722 31 477 615 3 202 263 3 83 165 550 590 536 673 729 280 649 927 784 19 472 701 510 254 497 993 354 853
765 147 826 174 486 225 571 143 641 48 217 90 361 415 592 26 851 141 229 621 226 300 480 834 572 19 784 720 507 169 984 736 553 56 424 514 277 338 275 580 466 139 41 703 201 625 64 585 94 575 271 777 274 46 698 681 542 573 593 668 119 577 66 955 833 134 89 355 477 836 315 592 640 896 944 21 54 190 716 516
875 176 658 724 49 351 275 441 602 900 990 736 331 20 524 412 237 193 177 78 882 297 689 719 212 393 189 241 209 126 571 314 624 108 218 751 823 865 794 868 529 730 593 929 485 360 245 907 124 11 185 789 419 831 191 182 506 169 821 84 344 230 621 743 964 567 826 316 486 67 877 261 115 282 645 813 549 766 344 682
826 546 670 365 711 42 123 885 578 764 226 322 900 674 7 306 249 296 78 491 135 16 468 552 58 266 814 723 620 704 649 369 67 478 690 330 206 165 940 55 235 786 945 160 551 515 475 721 167 735 481 280 798 210 71 905 343 768 315 123 261 497 825 287 7 82 438 202 927 516 83 375 919 141 400 286 298 467 4 826
654 279 591 848 396 628 468 62 841 856 710 620 159 625 836 112 898 718 328 499 839 230 989 85 42 938 974 488 620 259 818 179 770 932 567 173 608 937 195 249 173 278 602 525 54 147 709 652 602 274 978 721 78 613 965 796 987 462 763 4 557 404 649 206 123 896 200 239 800 307 400 256 917 180 386 337 992 685 329 979
976 1 1000 903 186 356 807 755 13 974 131 202 802 76 339 479 410 384 16 413 441 113 729 645 628 698 100 601 955 641 665 572 239 665 281 395 264 331 876 630 145 359 910 15 655 725 241 70 345 381 415 443 492 477 48 676 695 619 671 450 14 609 310 277 830 342 831 849 663 55 194 33 429 316 257 893 627 793 356 737
119 506 280 599 695 73 623 649 813 812 970 68 738 690 411 475 216 383 787 563 754 94 21 469 416 131 244 431 616 56 746 926 600 582 651 862 121 109 671 434 239 798 733 998 332 389 427 416 737 483 952 666 404 576 357 770 8 632 235 185 478 946 945 237 449 254 228 303 447 746 576 108 927 892 390 482 723 53 597 644
912 147 625 468 353 39 711 971 763 387 450 270 889 885 136 916 952 822 480 941 514 543 953 475 324 740 86 542 75 655 539 208 474 861 897 263 850 42 277 143 28 912 287 686 16 389 841 83 996 582 740 913 998 51 944 145 230 860 390 559 546 310 518 990 171 159 524 342 360 279 715 936 493 70 940 708 927 426 900 269
43 237 672 850 177 855 390 359 528 818 756 192 605 908 303 627 39 302 142 25 775 253 610 373 395 811 113 714 68 137 776 547 119 95 377 744 677 982 917 332 336 368 348 55 905 288 872 3 249 777 128 424 104 354 51 609 76 596 685 703 498 810 496 852 301 789 802 486 501 279 104 17 628 953 181 491 548 907 408 389
275 475 552 267 335 864 193 277 612 798 549 569 231 119 236 577 446 226 944 184 453 565 6 924 997 931 12 528 25 609 782 399 48 64 712 513 401 84 822 908 733 534 941 511 101 993 649 969 336 258 22 772 822 434 391 903 624 967 624 52 229 47 435 218 654 527 479 465 713 82 394 876 210 953 896 79 231 826 953 913
549 789 991 765 621 92 764 793 634 670 314 955 675 800 938 767 25 412 107 742 869 31 313 517 539 178 291 160 821 829 958 148 105 3 704 716 5 547 935 333 250 86 598 948 958 788 195 467 375 314 9 701 48 725 467 315 695 692 529 257 243 908 528 925 51 274 402 1000 217 899 80 815 263 416 111 710 633 296 342 999
421 585 83 69 197 736 550 328 175 257 638 34 578 548 544 311 130 34 189 62 807 955 839 392 258 922 175 25 405 469 842 331 491 785 107 174 498 157 648 516 177 586 964 526 303 926 755 715 573 533 800 840 4 126 720 473 280 935 525 974 391 544 94 966 723 345 587 254 384 963 945 131 104 557 75 202 645 313 632 790
84 69 610 997 605 571 567 846 875 235 181 841 876 99 15 616 633 574 48 398 447 685 476 77 605 332 62 250 202 960 895 100 961 908 918 182 323 667 223 178 642 279 746 555 913 224 192 889 167 738 477 527 808 783 841 716 972 608 631 228 433 910 28 777 843 251 533 998 751 363 392 495 18 362 72 481 876 509 274 830
512 384 106 48 981 625 899 663 651 565 562 433 438 947 556 471 208 841 501 382 30 493 83 986 847 269 340 309 706 645 611 443 192 567 543 192 35 601 454 425 134 687 143 32 97 110 39 584 805 588 20 970 983 553 731 1 312 71 174 476 221 194 760 674 522 732 959 723 718 883 572 288 353 559 439 371 719 606 294 393
849 765 344 678 890 152 687 335 829 865 225 488 439 941 214 198 550 105 162 711 984 588 38 261 269 725 777 295 483 296 594 296 182 909 428 249 278 899 235 271 278 778 181 708 881 361 928 961 15 148 336 574 33 590 478 961 961 308 914 562 135 679 182 323 399 258 235 434 269 78 210 930 406 858 487 111 85 374 603 308
657 947 890 783 235 849 764 56 475 990 755 481 241 208 120 482 444 373 238 782 68 890 273 295 717 269 507 65 679 723 310 39 395 604 489 601 998 470 172 928 770 439 464 958 626 210 845 246 278 892 384 682 46 468 277 862 737 258 193 581 923 478 16 456 788 225 266 261 75 18 800 333 235 644 885 398 416 777 289 195
70 592 147 937 406 970 453 48 545 458 86 917 701 267 886 610 220 630 242 590 173 197 380 317 278 668 968 98 265 386 712 916 189 750 235 579 523 396 257 880 846 275 562 314 579 180 94 413 90 922 51 469 562 322 550 841 288 112 954 328 958 517 89 541 870 725 49 143 229 596 565 314 842 786 589 890 257 42 671 363
537 428 962 592 701 535 254 278 144 880 381 855 395 20 433 438 494 769 23 337 243 291 590 799 403 319 57 813 66 220 565 840 888 261 311 24 12 436 240 241 215 640 773 857 931 688 495 255 123 160 605 280 997 76 414 380 364 745 5 707 10 825 572 24 477 650 950 233 943 348 877 763 499 458 121 733 117 584 508 136
566 206 270 471 83 715 657 246 2 116 357 114 625 967 400 962 381 296 414 146 307 631 905 994 417 721 177 978 222 118 917 360 738 575 234 687 675 795 395 892 469 308 338 331 826 689 872 817 752 892 153 900 897 430 118 445 871 418 501 914 734 892 418 144 313 742 4 999 982 513 163 540 227 103 578 993 551 835 328 385
281 226 874 156 887 855 459 675 157 618 444 334 102 105 75 438 718 757 88 520 233 12 975 242 594 749 852 654 165 852 882 168 279 366 30 218 338 388 852 793 257 617 523 929 763 270 808 324 383 840 885 432 333 740 216 811 289 864 193 988 563 871 587 808 651 176 227 294 697 172 214 447 117 108 645 810 433 592 209 481
110 888 792 352 70 505 33 740 977 391 688 813 646 705 856 249 6 646 712 207 141 863 8 860 769 841 927 917 910 686 781 477 374 104 281 599 949 61 694 656 281 31 106 903 212 906 457 868 372 952 288 501 282 924 736 824 504 140 662 8 265 2 645 308 956 564 583 126 395 866 651 205 27 323 412 622 992 253 992 190
993 110 726 320 624 619 645 42 492 484 190 812 977 701 827 865 271 5 675 582 88 869 22 101 323 343 557 833 187 69 257 678 824 786 234 988 693 903 296 736 659 468 557 84 44 134 530 747 943 37 11 395 165 530 661 353 987 805 551 219 689 252 450 900 904 295 894 680 98 502 672 314 670 223 943 198 83 221 104 608
531 579 990 556 431 657 964 813 285 288 560 625 473 477 103 947 807 348 239 442 854 248 67 498 912 616 5 932 333 982 571 529 212 248 641 270 861 860 529 781 631 654 200 731 512 92 698 876 478 4 595 582 961 656 174 628 888 373 436 258 116 321 570 113 428 644 322 428 735 42 425 97 819 358 337 614 710 395 473 166
488 362 564 487 413 810 465 505 120 452 489 588 470 257 158 570 489 808 564 522 759 806 101 274 797 536 917 667 509 374 909 735 760 386 898 390 167 75 982 372 191 102 979 92 689 880 874 514 250 941 386 131 49 509 852 496 208 997 876 945 431 147 855 844 369 569 864 948 888 533 259 969 79 187 663 693 648 961 123 553
788 348 599 947 39 533 875 76 926 497 198 979 877 152 502 811 681 939 910 964 462 220 632 268 36 355 149 168 569 996 219 328 900 798 143 12 172 443 748 818 790 84 420 451 332 390 904 504 859 346 13 336 875 710 484 824 139 774 893 1 578 172 922 874 221 352 516 990 682 783 691 525 780 168 522 511 626 378 283 248
466 25 962 358 997 193 366 970 578 878 15 9 985 245 210 354 435 274 955 385 956 786 353 902 374 975 392 325 280 598 782 587 683 27 103 102 693 379 699 918 17 174 790 245 738 798 102 577 858 952 731 541 635 447 449 217 756 753 151 687 209 343 154 733 435 111 305 186 850 917 514 614 204 13 439 811 40 208 947 395
929 972 386 349 33 369 375 975 499 719 14 521 618 511 877 208 40 949 656 454 243 828 981 653 867 269 291 556 260 365 991 255 415 440 327 886 485 994 254 575 336 271 306 734 444 254 283 572 311 648 379 674 239 574 747 871 977 404 880 74 338 650 57 433 708 743 509 366 963 616 555 686 609 319 137 723 63 19 125 996
83 28
58 64
39 71
