90 100
3 17 0 10 2 17 6 2 7 12 13 0 2 4 16 17 2 15 3 16 15 11 16 7 6 6 10 7 11 15 16 10 9 5 16 0 11 2 15 8 6 9 7 17 0 6 16 19 13 20 15 17 17 20 14 7 12 16 1 8 19 8 8 11 2 4 19 3 17 15 3 13 8 15 17 15 12 3 11 0 13 18 15 12 11 19 9 4 14 19 0 9 3 12 18 19 6 15 19 19
5 18 11 14 2 14 2 20 3 4 3 7 18 18 14 7 12 4 9 18 3 0 3 12 7 0 17 16 3 6 12 19 10 2 0 1 12 6 7 8 19 5 15 3 16 8 15 14 14 17 12 9 18 1 15 11 5 0 15 2 10 20 13 11 3 17 15 1 5 1 0 3 11 20 18 5 0 12 3 6 3 5 18 13 18 5 14 5 20 20 7 19 7 15 19 9 6 13 11 1
6 7 18 17 19 1 11 3 7 20 14 9 19 17 16 16 2 6 16 2 6 9 4 14 8 18 12 16 9 0 5 2 16 19 1 19 15 11 13 18 6 2 19 7 13 20 17 20 14 15 19 6 10 4 7 15 9 6 3 10 13 12 18 7 12 14 19 15 14 4 16 16 19 4 9 3 12 8 14 0 9 18 15 17 14 2 15 14 12 15 7 2 9 14 1 17 14 19 17 17
11 15 2 4 4 7 8 17 20 16 20 18 17 10 5 19 5 1 13 15 19 17 11 10 17 2 4 7 0 15 4 12 7 3 16 14 14 8 16 15 11 8 16 15 19 2 4 15 8 20 12 2 14 16 16 8 17 20 7 16 6 7 8 17 19 9 6 18 18 11 4 19 12 12 14 18 6 2 12 15 17 3 18 1 7 16 14 7 5 15 15 2 5 6 16 18 7 4 4 12
4 20 14 5 11 16 4 1 15 8 11 19 6 20 2 0 20 17 14 0 12 11 6 20 10 12 5 6 13 10 17 4 16 12 14 10 4 14 6 9 8 17 7 7 4 8 12 0 11 19 1 20 16 17 12 4 10 16 10 2 16 17 7 17 17 8 13 18 20 18 2 15 1 0 9 9 9 18 12 11 5 1 15 4 3 8 17 7 4 12 11 8 10 11 19 18 7 1 8 9
1 4 16 15 3 12 3 12 10 1 18 11 1 10 20 11 17 9 5 11 1 5 9 16 20 0 18 17 7 16 3 17 4 13 18 14 13 3 20 14 2 4 17 19 1 3 20 8 11 7 1 3 2 9 19 17 20 12 4 17 17 16 4 2 6 2 2 18 16 8 10 3 20 16 1 4 1 20 11 14 15 11 20 13 6 11 4 12 16 20 1 4 7 2 15 7 7 1 0 13
3 3 0 15 7 11 8 7 1 7 20 11 16 16 2 4 3 14 19 20 3 11 16 20 4 10 3 19 8 14 3 7 14 15 0 11 0 3 5 1 12 10 9 6 16 19 18 14 0 2 6 14 1 10 16 7 3 0 6 18 12 19 1 0 11 12 5 14 2 20 16 5 13 1 13 13 14 8 6 5 0 7 6 8 16 4 20 10 1 1 8 13 19 15 1 18 3 2 14 19
20 16 12 19 14 0 18 11 8 8 0 6 0 9 10 3 7 2 12 20 2 15 0 11 0 1 8 2 18 0 1 9 19 14 20 19 16 16 7 12 19 15 16 2 1 7 20 11 8 13 1 6 13 8 16 12 15 6 0 13 3 6 8 7 12 3 1 1 7 15 7 6 20 1 10 6 15 1 18 15 5 7 13 8 1 10 5 17 19 12 8 18 17 4 20 19 7 12 0 17
18 10 18 18 9 12 2 20 3 18 20 13 19 15 14 18 15 3 4 18 17 4 11 6 13 6 11 1 5 10 3 8 4 17 2 8 11 15 19 17 17 18 4 16 7 7 12 5 2 13 15 9 12 12 8 19 20 9 1 15 4 3 5 19 12 20 0 3 15 15 20 9 16 19 18 3 4 10 0 20 18 15 3 11 10 16 16 18 20 11 16 16 10 20 5 5 15 19 9 12
11 16 18 19 19 8 2 5 18 5 1 13 10 19 4 4 8 3 17 6 11 9 19 20 18 20 5 2 19 15 10 11 14 5 4 7 1 3 20 16 5 9 17 12 20 10 2 1 0 0 14 18 0 8 10 12 9 16 18 11 6 9 14 3 12 12 7 19 16 16 4 1 14 20 10 11 9 19 0 1 9 10 2 12 14 3 5 4 9 16 7 7 4 9 20 3 7 4 4 5
19 5 7 3 10 12 4 20 2 6 4 13 8 4 0 2 9 13 20 1 11 0 16 9 18 19 5 18 14 12 15 17 17 20 13 17 5 0 19 6 15 0 11 16 19 17 3 8 1 16 10 2 12 8 2 11 14 12 3 8 3 18 19 11 6 0 14 18 16 1 6 7 20 9 7 10 2 19 16 8 11 14 12 17 15 3 6 16 12 6 13 6 6 6 12 15 15 17 4 20
7 11 15 15 20 6 18 15 11 3 6 20 6 8 9 9 0 20 8 20 12 17 6 9 12 1 14 11 18 7 17 5 10 19 5 5 9 5 2 0 2 5 7 11 1 16 14 16 0 19 16 14 15 1 17 3 3 1 0 12 15 18 20 3 7 5 13 3 0 19 8 2 3 1 19 8 2 18 5 19 7 19 10 7 11 18 1 8 16 11 20 0 9 3 16 13 7 18 2 9
1 4 16 18 8 2 4 0 8 19 4 19 7 19 7 13 4 13 2 3 13 6 4 3 20 9 2 9 5 9 4 3 11 15 1 2 20 10 1 2 11 15 8 12 2 18 12 3 9 2 7 20 18 2 20 8 10 16 5 4 10 9 1 1 4 8 4 15 15 11 6 11 12 5 18 20 7 18 16 5 12 1 15 10 7 0 18 15 3 6 10 6 19 19 12 5 20 12 2 4
6 8 10 0 13 10 18 20 10 5 1 19 20 12 10 14 2 14 20 8 10 8 3 11 3 13 9 6 14 20 5 4 12 3 20 12 1 7 8 8 14 5 16 14 10 12 2 0 7 16 13 8 13 10 3 0 12 17 15 17 19 12 0 14 4 5 7 13 7 13 14 13 10 2 12 16 20 9 14 4 14 12 18 19 11 17 7 0 13 18 5 16 16 8 4 9 9 14 9 4
4 15 11 11 16 8 0 20 1 0 18 15 2 8 3 16 19 7 1 2 0 20 19 5 16 1 11 2 18 3 12 13 11 9 10 13 13 5 4 8 8 3 15 18 11 4 9 6 11 11 7 1 0 3 6 18 15 0 14 9 10 6 0 18 5 15 6 5 14 10 5 12 13 0 20 15 4 2 5 12 16 3 20 4 1 13 7 17 4 18 14 13 4 14 12 3 4 1 14 18
15 18 9 8 3 2 10 2 17 5 7 8 14 10 14 2 0 2 17 20 17 12 17 18 5 7 13 6 3 9 3 19 1 8 9 9 11 5 18 10 20 1 18 7 5 8 17 13 12 20 1 13 19 16 11 17 6 1 9 7 2 1 14 3 20 7 11 2 13 2 8 9 15 6 2 9 19 18 2 6 20 10 9 5 1 0 5 2 8 8 10 16 9 9 7 13 7 5 4 18
11 5 2 5 14 18 17 8 17 18 9 2 15 13 17 9 20 3 4 18 4 3 12 10 13 2 7 8 17 8 3 3 11 4 6 4 10 3 13 20 17 8 0 8 2 9 13 4 3 4 18 2 20 1 8 17 15 10 14 16 17 18 19 11 3 18 14 1 11 5 18 10 15 3 7 18 4 4 20 11 19 2 1 19 4 2 2 8 12 6 4 3 14 7 17 15 9 20 19 5
14 9 4 18 9 15 16 12 0 9 13 11 13 11 12 2 5 20 12 17 2 16 17 12 12 11 8 8 8 20 16 14 15 16 5 19 8 16 4 8 5 12 4 6 15 9 8 14 4 19 7 4 4 10 1 11 15 12 14 3 7 12 13 14 1 4 5 13 0 15 17 5 17 10 15 16 14 14 19 12 9 13 11 13 12 5 17 2 10 5 19 11 6 6 7 19 5 13 16 2
6 13 18 11 10 4 7 14 17 10 3 8 15 6 13 14 11 17 4 1 14 12 5 8 1 4 5 7 7 17 13 17 11 6 7 10 1 6 15 18 12 16 7 20 15 16 1 3 16 3 2 13 9 6 4 11 15 15 2 2 10 6 13 11 18 2 5 12 7 11 6 6 12 17 1 19 19 16 10 20 19 14 7 9 6 10 2 16 12 7 12 11 10 15 10 3 10 6 4 20
8 1 7 2 14 2 3 20 12 10 3 13 2 20 0 11 20 4 20 14 9 6 15 20 18 7 6 9 16 12 12 20 6 3 5 3 8 4 9 15 3 6 20 18 18 4 10 6 16 15 15 8 6 11 17 3 12 17 17 7 13 5 2 2 2 1 2 11 1 6 9 13 7 6 18 11 4 13 20 4 15 5 5 17 1 17 5 18 19 7 0 10 14 1 4 15 12 11 0 2
1 14 4 13 2 12 13 0 14 11 10 4 19 4 12 14 19 18 10 5 5 10 15 18 4 15 5 12 14 15 9 9 6 2 19 18 9 11 20 20 11 8 12 13 4 20 7 8 6 12 10 6 6 16 4 5 17 2 18 20 7 5 3 9 0 11 4 16 4 10 15 1 8 20 4 17 10 12 13 13 9 14 7 16 18 10 4 16 15 7 6 9 12 19 18 17 9 1 7 17
18 14 11 18 10 17 13 12 12 12 2 11 16 8 13 1 4 7 4 2 20 17 0 7 4 1 1 9 18 18 17 15 14 15 13 20 19 9 11 18 6 0 13 10 14 19 1 17 8 5 18 16 12 3 9 19 2 16 11 12 4 2 10 3 6 10 12 9 1 12 8 2 8 11 18 1 4 9 8 15 20 11 7 19 11 2 15 19 18 19 6 4 17 7 1 8 12 1 11 4
2 1 4 12 17 20 8 5 17 4 2 15 8 8 12 11 7 1 7 6 15 13 2 4 6 20 11 14 3 17 12 6 3 7 10 20 15 6 20 19 9 18 7 5 11 0 6 7 11 18 20 9 5 20 1 16 5 18 19 19 7 6 5 15 11 17 19 19 11 12 11 3 9 6 4 8 1 11 15 7 18 14 9 1 19 16 7 19 6 1 20 2 9 10 0 10 12 6 10 11
11 1 14 10 11 3 19 12 7 20 1 17 13 3 18 16 18 10 8 6 10 16 19 8 12 19 6 8 14 6 13 20 5 11 10 8 13 8 9 18 1 13 11 1 4 18 19 9 5 5 17 15 4 0 11 11 4 2 1 2 20 19 13 6 14 7 7 16 4 13 3 0 20 10 6 0 4 14 6 15 8 17 8 15 6 6 15 4 14 20 12 17 18 5 7 17 1 9 5 10
19 19 9 1 19 4 16 5 14 7 17 18 7 9 18 0 17 14 20 0 20 5 15 2 14 2 17 2 7 7 2 3 10 8 15 12 6 16 7 0 14 9 19 2 15 11 0 20 16 11 17 11 16 19 7 2 18 13 4 12 12 7 13 5 20 4 19 17 20 9 6 6 18 11 16 1 19 5 6 3 9 6 19 17 19 0 3 4 4 3 19 17 3 4 3 0 10 2 5 14
3 0 20 1 7 20 6 3 2 4 2 18 3 5 4 17 2 3 6 8 10 9 16 7 3 18 3 2 6 20 17 5 2 15 6 5 15 12 17 5 9 13 15 20 14 11 2 19 14 4 6 10 16 17 14 18 1 6 1 1 7 10 1 6 3 2 11 0 18 20 13 9 17 7 17 18 16 11 1 10 17 17 2 20 6 17 4 4 13 8 6 13 19 1 0 8 9 0 19 1
19 2 9 6 0 20 14 6 14 7 5 3 5 5 10 13 8 11 5 17 7 10 14 3 8 0 1 5 1 19 7 18 15 1 8 11 9 2 15 18 7 15 11 3 1 8 20 0 16 20 8 9 8 20 5 1 11 1 20 14 2 2 7 19 7 5 6 17 12 5 11 7 7 4 9 6 4 4 12 2 11 8 18 2 1 13 10 5 1 6 1 20 17 18 2 11 14 4 12 5
6 13 1 4 16 8 9 12 2 18 8 8 6 20 16 13 11 0 20 4 13 8 18 5 16 15 15 7 11 8 4 7 16 12 19 5 9 2 12 10 7 13 4 5 11 14 13 19 15 5 17 3 10 5 10 4 9 16 18 12 17 6 3 10 9 9 0 13 12 20 15 19 19 8 14 9 9 0 6 17 18 3 6 12 10 8 9 1 10 0 18 9 2 15 20 1 19 16 6 9
1 4 19 14 17 19 13 16 15 2 4 19 12 10 13 4 4 2 1 15 0 8 14 7 10 11 20 18 8 10 16 16 13 20 0 12 15 6 1 3 11 2 19 9 6 13 0 7 17 9 8 12 8 19 11 8 19 4 8 6 3 6 4 17 8 6 2 12 17 0 14 3 14 0 12 4 15 15 14 2 1 12 12 10 17 6 19 9 0 8 19 16 6 8 8 13 13 12 10 17
9 11 3 8 6 19 9 12 12 13 6 5 6 7 15 6 0 5 4 14 10 1 19 11 18 15 0 0 6 14 3 19 9 9 17 19 17 12 20 11 11 9 0 4 9 3 5 16 18 14 7 8 20 11 18 5 8 3 9 5 0 18 7 15 11 10 0 17 4 2 13 20 0 8 0 20 9 13 0 19 12 7 6 5 10 11 12 7 1 12 9 5 11 0 18 6 5 13 11 14
1 12 16 2 0 12 15 0 18 1 11 13 15 11 1 19 11 4 20 2 14 20 4 19 4 3 17 3 18 18 10 2 2 15 1 19 5 12 12 19 10 8 12 18 15 16 19 15 14 19 7 18 2 5 17 4 3 16 11 2 18 15 4 8 18 4 3 20 16 10 20 4 5 2 2 4 5 3 13 16 4 2 4 7 11 9 9 13 14 15 6 2 6 18 7 7 11 12 16 17
8 15 8 9 17 17 7 11 5 4 17 15 19 8 7 20 18 19 13 4 1 17 13 9 3 7 3 6 17 7 8 18 2 20 4 10 12 6 9 9 0 20 11 5 7 4 7 14 2 18 7 14 5 5 19 11 18 0 15 6 19 12 15 20 14 16 13 16 8 5 17 15 8 13 20 10 6 12 15 13 14 17 10 1 14 0 17 3 13 4 10 12 19 3 7 14 4 13 7 10
1 9 1 13 9 4 14 20 16 18 0 18 15 12 1 4 20 14 2 15 13 3 3 13 8 14 14 6 11 10 5 0 19 10 15 18 16 3 6 6 2 13 0 4 15 7 17 4 0 14 6 13 6 10 1 13 17 6 8 10 19 3 15 20 2 17 7 17 16 16 9 10 1 9 0 5 15 8 20 20 20 1 7 8 1 19 9 8 11 12 3 3 17 0 1 12 0 16 0 16
19 8 2 1 5 17 10 19 4 17 6 8 14 16 1 12 12 15 7 16 18 17 13 0 9 14 16 2 4 20 10 9 2 5 2 11 8 16 12 2 19 1 19 18 2 13 13 11 8 12 14 5 6 12 16 15 20 18 11 8 8 20 20 5 3 13 20 16 13 11 16 9 13 20 3 6 17 19 6 4 14 8 5 4 0 3 7 2 19 3 11 7 18 11 10 13 5 20 18 17
13 4 1 11 14 3 10 5 8 14 6 17 6 17 1 4 10 15 14 17 14 1 16 6 13 15 14 18 11 9 6 6 2 6 0 3 9 9 17 1 7 11 11 8 0 16 16 3 4 10 15 15 6 1 20 4 12 4 17 8 6 1 7 5 9 1 2 13 1 17 9 9 3 19 13 15 12 14 13 2 6 9 3 19 15 14 4 1 15 15 4 16 0 17 6 18 18 3 15 2
9 3 11 8 4 20 20 0 1 13 15 10 18 13 11 11 13 2 14 17 2 10 0 0 6 14 13 15 20 18 11 6 19 15 19 15 19 0 16 15 16 2 0 14 10 3 14 16 4 17 17 20 9 11 12 11 8 13 18 9 15 10 17 14 0 10 20 8 17 6 14 7 20 18 20 15 18 3 8 12 17 8 12 1 13 7 8 2 3 7 20 6 9 15 1 2 14 7 18 7
10 3 0 14 12 11 14 13 19 12 8 18 4 14 10 6 18 9 9 6 20 14 9 4 10 14 15 10 4 19 12 6 20 7 7 19 18 12 12 10 16 9 15 18 0 0 20 7 10 14 3 12 0 12 3 10 16 14 5 10 8 6 19 12 13 2 12 18 14 18 17 8 16 20 17 6 4 6 0 17 8 12 0 2 5 6 15 13 14 14 0 4 4 14 10 16 17 9 14 7
12 14 15 18 10 9 4 15 7 14 4 10 4 2 8 10 3 0 3 16 20 12 0 8 12 14 4 3 4 3 10 11 2 3 4 16 5 12 7 20 13 5 13 2 11 16 4 3 2 7 15 14 10 0 6 0 16 14 13 12 2 20 19 12 7 11 11 16 17 1 7 8 19 18 5 20 6 1 12 19 13 12 2 11 8 17 18 20 20 15 20 18 20 18 0 8 13 1 19 18
11 5 20 13 8 1 12 6 2 5 6 4 9 3 6 19 12 15 18 13 16 8 6 7 13 20 1 14 8 10 6 1 12 18 18 9 18 0 14 5 6 1 19 15 17 20 9 3 1 3 1 7 11 12 7 15 19 3 20 11 16 18 18 18 6 9 11 12 2 0 3 19 12 12 12 13 5 14 2 20 1 9 16 12 12 3 6 14 6 13 16 17 16 7 15 9 7 18 14 9
11 16 9 8 20 3 3 17 6 20 0 19 12 4 17 20 5 16 12 20 18 18 5 5 20 20 0 3 2 6 20 16 1 11 11 20 11 1 11 3 2 11 13 8 7 6 2 9 4 20 14 11 0 13 9 2 6 5 14 14 16 11 13 3 12 1 14 19 17 16 18 4 19 2 2 17 1 19 19 7 19 15 4 3 4 20 20 11 18 1 8 13 2 15 8 18 17 8 20 10
16 7 0 6 7 14 3 18 2 5 13 15 15 9 20 13 8 6 14 1 15 12 0 6 15 11 14 10 19 7 8 18 10 11 6 4 16 1 6 18 20 19 7 9 1 2 19 8 16 7 7 4 1 7 14 3 13 11 10 2 16 10 15 17 9 11 0 0 4 3 2 7 8 18 3 1 8 1 18 9 0 10 12 14 16 15 5 5 16 10 7 12 12 10 15 15 2 13 16 18
11 9 13 6 2 2 8 5 15 14 19 8 20 19 3 20 10 20 1 3 20 12 10 17 3 15 1 15 18 3 1 16 14 2 19 2 7 10 8 6 16 15 3 2 5 15 7 12 10 14 9 18 18 11 1 12 2 11 5 19 7 18 13 4 0 4 0 16 5 5 6 14 18 18 14 1 9 18 10 3 7 11 15 10 16 15 4 0 1 11 16 20 6 6 20 0 8 5 17 17
14 10 14 13 14 2 19 18 7 1 13 9 11 15 11 8 3 12 19 17 12 15 18 14 5 0 9 1 15 17 9 5 5 1 11 1 12 7 13 7 18 0 12 13 16 16 4 4 8 3 10 14 18 8 5 4 15 1 20 17 0 11 3 2 8 12 14 6 19 14 3 19 7 8 20 4 17 0 2 11 6 6 8 19 17 20 14 14 7 19 15 20 17 18 0 0 7 12 4 11
5 20 14 6 20 15 7 7 5 11 8 4 12 7 0 17 0 2 13 13 4 5 15 8 11 9 15 3 5 7 16 13 10 0 9 4 20 7 2 19 17 10 20 1 2 19 19 20 13 2 1 16 6 12 16 18 6 11 3 13 3 14 20 5 13 16 7 6 6 7 20 12 19 13 3 12 5 5 16 4 10 7 4 20 5 4 3 7 0 1 7 13 7 8 11 0 9 20 14 2
17 16 8 16 7 20 18 7 14 18 19 13 9 20 0 17 4 1 11 3 2 8 11 3 8 11 18 0 0 16 1 18 2 8 6 10 9 8 17 10 9 8 3 20 11 10 7 19 12 6 14 6 10 3 17 16 7 9 18 10 17 8 4 9 19 14 7 12 14 20 14 8 13 0 9 5 0 16 17 4 18 1 15 4 8 17 14 18 14 16 19 10 11 15 12 10 16 7 6 12
13 11 16 7 1 0 8 20 5 9 6 8 15 20 10 3 16 5 17 5 18 16 5 14 16 0 8 15 8 9 16 15 18 0 1 11 2 18 20 2 18 9 3 4 18 5 7 7 4 14 0 20 16 7 19 9 18 17 10 10 14 5 11 17 8 6 6 2 8 13 5 18 4 1 18 14 8 18 17 17 15 20 14 8 15 1 5 3 12 9 6 16 3 18 19 13 2 9 4 17
3 1 11 10 17 13 11 2 15 10 15 14 19 3 15 17 12 8 16 19 1 14 0 12 15 13 15 3 7 2 16 6 13 13 18 19 7 2 15 7 17 3 14 13 6 10 4 20 15 14 1 10 9 9 13 19 0 0 9 19 17 16 2 18 10 2 6 16 16 5 17 14 13 7 12 12 10 14 1 10 20 14 17 1 11 3 1 1 19 11 17 15 6 3 1 4 0 19 10 6
12 5 9 12 8 7 16 6 6 0 16 16 4 1 3 15 3 5 14 14 13 0 14 14 12 1 1 4 8 13 14 18 19 1 19 0 12 0 8 11 19 16 2 2 7 4 10 2 17 15 16 4 6 14 9 12 6 18 1 12 8 4 9 18 6 18 9 10 17 5 17 3 19 20 3 3 5 6 1 17 6 13 17 17 3 15 2 2 15 20 9 3 4 10 11 8 15 10 10 20
8 10 1 6 11 5 3 4 17 16 11 6 1 0 0 10 2 11 19 13 16 4 9 3 13 3 14 9 2 1 9 10 5 14 1 16 5 9 2 8 15 8 1 14 6 5 7 15 12 15 1 18 7 3 4 18 9 8 0 16 16 15 14 2 16 8 16 11 12 8 5 15 18 16 18 10 19 18 11 1 12 9 12 0 12 9 11 13 6 3 5 18 11 11 13 17 13 20 17 12
19 19 16 14 12 2 20 20 18 11 3 12 20 10 1 10 9 6 7 13 9 11 10 7 6 13 2 6 9 3 18 12 16 19 7 16 0 0 1 15 16 18 0 12 2 12 7 3 16 16 14 8 20 6 20 12 20 19 7 1 1 5 12 10 6 0 6 13 15 15 9 19 0 10 12 4 10 12 0 17 9 16 13 3 6 1 19 4 8 14 11 0 7 14 6 15 12 8 19 14
15 19 8 6 8 3 10 17 18 0 1 17 16 2 4 18 15 0 5 5 15 2 20 18 5 1 6 2 1 20 12 15 14 7 2 18 0 0 0 12 0 13 3 7 0 10 4 1 3 10 0 6 14 16 19 1 17 1 6 11 15 15 14 18 12 11 3 9 1 20 9 12 1 1 20 13 3 19 19 14 15 20 12 14 13 3 3 13 2 1 10 7 11 9 20 11 11 0 14 6
7 18 9 14 5 17 7 6 18 10 7 12 9 6 8 1 20 18 1 9 3 15 16 3 9 5 12 14 13 16 17 13 11 4 6 14 3 16 20 17 15 9 20 16 10 17 9 15 15 19 5 18 17 14 11 12 8 13 8 6 3 7 14 20 17 19 13 3 1 5 1 15 1 15 5 2 15 15 10 0 16 13 12 8 2 4 13 14 6 15 6 4 0 17 0 12 0 20 4 2
16 11 12 5 10 20 15 12 7 15 6 10 0 9 9 8 9 1 17 7 18 0 4 6 2 1 18 20 0 10 18 17 1 20 5 5 18 2 19 3 14 10 9 5 1 1 2 16 20 10 5 9 13 17 2 15 3 3 16 16 18 9 3 2 7 0 0 20 1 12 20 6 10 10 10 3 9 2 0 11 4 20 1 3 3 3 8 4 2 6 10 3 6 7 7 11 7 13 19 15
19 15 10 15 4 1 14 10 17 14 14 6 0 16 7 12 0 13 1 6 19 12 16 7 16 6 13 6 1 19 4 9 3 14 17 17 18 16 14 5 14 2 11 17 6 10 17 9 1 20 19 18 18 14 0 1 18 14 2 14 20 19 15 16 15 6 13 13 17 15 6 5 4 11 10 20 9 18 11 17 12 17 1 5 4 16 18 10 5 1 14 10 0 3 12 10 19 8 0 3
8 6 8 16 15 1 0 3 1 3 2 0 18 18 20 2 10 9 11 9 19 18 9 4 7 13 13 15 13 19 1 0 4 14 5 9 8 10 10 15 8 2 17 5 19 14 7 13 1 6 2 18 2 19 18 19 19 17 1 17 3 20 10 14 6 7 4 6 18 3 1 17 20 1 2 7 4 15 6 14 11 19 4 7 9 10 20 11 17 3 15 4 9 15 20 15 20 12 18 10
4 11 0 12 1 15 9 11 20 8 7 12 18 12 3 20 15 3 13 6 20 2 0 20 4 11 6 18 18 16 14 13 11 4 19 11 4 14 18 1 4 19 4 5 5 1 2 4 5 10 14 10 1 13 6 4 14 17 18 11 17 1 5 20 7 10 20 5 6 16 1 11 20 7 15 7 17 9 11 9 15 15 0 14 5 15 14 18 17 18 9 15 12 2 12 12 9 9 11 7
15 5 10 7 1 7 13 4 15 11 11 8 8 1 4 12 19 14 14 16 14 17 17 7 1 16 12 5 1 8 12 3 0 14 18 7 18 1 18 5 15 10 16 2 4 4 8 16 6 20 1 0 20 8 10 8 8 10 13 6 5 17 7 12 16 5 18 7 2 19 4 12 8 10 17 14 10 7 10 5 5 17 3 13 16 5 6 8 4 12 10 9 1 16 6 9 10 4 13 13
4 18 16 14 6 6 18 5 16 12 12 5 11 7 2 14 1 20 7 0 17 19 18 4 4 5 0 12 1 16 18 0 4 8 8 16 10 15 2 0 19 5 11 8 15 13 2 13 8 4 9 6 14 7 1 18 20 18 3 10 13 12 8 16 9 0 19 4 13 0 4 10 7 7 10 3 2 17 2 3 6 11 18 8 18 1 12 4 19 1 7 13 14 19 0 3 10 18 1 14
2 1 16 20 7 9 13 6 7 15 20 12 13 14 2 16 9 0 9 9 15 17 19 6 16 17 10 12 18 12 13 20 17 5 12 19 20 4 9 11 11 8 5 15 17 6 2 19 17 16 5 16 8 13 10 6 13 14 9 13 6 11 2 13 6 3 15 14 20 12 13 1 4 8 3 19 15 7 15 7 17 15 12 3 3 18 19 13 6 20 3 3 14 20 19 17 20 17 7 3
14 14 8 16 8 16 19 1 13 7 13 19 8 17 6 6 9 6 8 15 6 7 16 10 9 17 20 6 2 16 11 6 20 4 16 1 6 5 16 0 16 10 18 12 17 17 9 17 1 13 7 9 6 0 3 14 18 17 10 0 15 3 16 17 19 17 7 1 3 1 15 13 14 7 20 0 4 6 20 15 10 3 17 18 12 10 5 10 7 4 1 4 10 16 10 12 12 1 13 20
10 16 1 12 11 18 0 9 0 18 8 15 20 19 7 12 11 1 12 7 16 14 16 20 8 6 10 14 1 4 16 16 7 6 13 18 9 9 14 0 5 9 11 5 12 6 13 12 11 20 1 4 14 8 5 14 12 5 5 11 19 9 15 1 14 12 16 20 14 6 4 4 2 0 16 16 10 13 19 3 5 1 0 6 11 14 1 19 15 3 9 14 10 18 15 14 1 11 3 14
6 19 5 1 1 19 0 20 1 16 7 2 13 16 9 1 1 8 18 2 19 1 4 8 0 19 2 10 4 16 16 12 1 6 8 15 7 8 3 18 11 10 5 1 9 19 5 6 12 16 6 10 16 3 20 0 13 3 17 16 11 7 13 20 7 11 6 19 6 9 12 4 15 6 5 13 13 17 5 18 11 13 15 11 14 14 19 6 4 11 8 11 16 14 11 11 4 5 5 6
17 1 7 4 12 0 20 7 8 13 9 8 7 14 15 17 16 7 12 0 11 13 3 10 9 8 11 6 2 20 13 15 18 15 12 10 2 19 20 5 19 9 8 3 15 7 15 18 16 15 19 14 3 20 2 10 6 0 8 17 9 10 1 12 13 2 9 1 18 16 7 5 8 11 19 11 7 5 14 0 17 8 8 7 5 2 18 15 20 17 4 18 10 11 4 3 6 3 3 6
7 11 4 13 8 15 0 10 12 3 16 10 1 2 1 0 14 11 4 7 14 16 8 10 15 13 0 14 19 4 9 15 12 10 2 5 8 7 15 8 7 8 8 4 10 2 19 7 8 20 7 2 15 8 11 13 11 19 16 10 11 6 13 7 19 12 19 12 8 15 1 12 4 4 12 0 7 13 10 10 9 17 9 10 12 7 13 5 2 7 11 6 10 12 20 8 6 15 2 9
19 2 6 20 13 4 4 6 20 2 5 3 7 20 19 3 0 16 10 6 20 1 8 14 15 17 15 0 18 9 18 4 13 12 2 5 5 7 6 2 19 10 13 15 12 13 1 4 14 13 1 3 8 4 5 2 15 13 12 14 8 15 19 17 11 9 20 17 1 5 9 16 20 10 15 7 0 11 20 12 16 6 20 18 1 2 14 14 18 18 17 11 15 5 9 14 16 8 10 9
3 9 14 10 17 3 19 8 4 13 3 6 14 12 1 20 16 20 14 1 16 8 19 6 20 14 15 0 13 17 2 2 6 5 15 0 8 20 5 19 19 20 6 15 20 15 20 13 14 15 13 5 9 11 11 10 9 11 5 18 11 19 9 16 19 20 1 6 3 3 19 6 4 14 5 0 4 16 0 12 15 14 0 7 18 17 12 3 0 8 13 3 6 20 3 14 16 12 1 18
2 16 19 4 18 6 18 2 15 3 13 4 7 15 3 10 19 18 13 4 17 5 18 17 12 7 1 9 5 11 3 15 6 6 13 14 8 9 5 12 10 16 8 4 3 13 5 15 17 6 10 13 12 11 13 9 1 19 5 14 5 11 12 14 16 4 0 6 2 13 2 11 10 5 3 17 13 16 5 13 2 13 13 4 7 17 11 10 19 3 12 15 3 6 0 2 20 11 17 0
1 2 10 0 8 11 14 14 19 5 11 9 17 5 9 20 11 11 10 9 16 8 14 15 0 17 18 18 6 1 3 10 17 12 12 9 6 12 5 15 15 16 18 20 4 4 17 11 13 1 5 0 4 15 14 4 10 19 19 9 11 1 14 7 10 8 20 7 15 2 2 13 15 16 8 12 7 2 13 14 20 4 16 0 9 8 5 10 19 19 0 0 5 5 0 9 20 7 13 3
5 11 9 13 8 7 9 0 6 0 6 19 10 17 18 0 1 13 6 9 6 10 8 16 10 9 5 4 17 11 4 2 3 5 14 14 7 20 20 12 3 3 20 5 4 15 17 10 17 3 3 18 7 1 16 4 18 20 20 6 19 14 13 2 1 6 9 0 7 15 8 11 16 2 9 14 8 17 2 20 4 20 13 11 14 17 19 11 3 14 16 2 0 0 9 13 11 7 0 7
6 10 17 17 3 20 8 15 20 5 10 15 12 10 14 7 8 13 18 11 2 15 2 4 16 9 14 2 3 14 8 11 6 13 20 0 14 10 2 17 20 0 7 12 4 12 15 4 13 8 17 14 4 2 18 5 17 18 17 16 3 15 13 5 5 9 20 6 1 16 10 16 0 3 4 2 17 4 20 19 16 6 6 14 4 0 16 6 12 10 15 0 4 9 12 19 15 13 9 2
0 19 10 16 1 7 5 9 19 13 3 15 3 10 11 2 4 16 3 12 18 12 10 0 13 0 5 6 16 13 0 7 13 15 6 6 18 2 12 7 11 19 6 14 19 12 14 16 0 6 7 14 14 1 17 10 3 7 10 5 15 4 0 19 10 4 0 20 11 19 17 10 7 11 4 16 15 9 2 5 12 17 20 13 3 3 7 0 1 14 8 6 6 12 0 3 19 8 1 1
2 3 18 20 3 9 7 12 20 20 0 19 16 12 0 6 7 17 3 20 10 20 12 6 18 14 13 13 12 8 5 16 10 10 7 15 12 0 11 19 3 15 15 6 15 13 16 12 12 2 1 6 3 4 8 6 19 4 9 11 19 16 5 5 0 5 16 4 8 19 5 5 14 14 0 7 2 3 2 2 8 18 2 17 14 19 13 12 19 7 6 12 4 20 10 10 15 14 8 18
17 17 13 1 4 10 1 16 12 12 16 7 2 12 6 4 13 13 7 4 11 16 1 12 4 18 19 20 15 5 10 11 7 5 5 11 6 20 14 11 7 9 17 12 6 20 20 6 17 4 11 2 12 16 5 7 17 10 12 6 6 5 16 0 7 19 17 15 17 1 16 2 9 5 10 2 3 6 7 17 14 16 9 11 14 6 15 12 19 1 6 4 9 2 0 20 4 17 0 10
4 2 16 19 10 1 12 2 0 13 9 5 2 2 10 5 10 12 15 13 19 14 5 18 1 13 15 11 8 4 2 17 11 3 3 7 19 19 20 15 12 7 1 18 16 16 1 3 19 4 5 17 19 10 17 4 18 1 7 5 16 5 2 20 19 17 17 7 16 7 17 15 16 12 7 0 9 6 2 18 15 11 17 7 7 10 3 2 3 14 10 20 4 20 8 6 4 13 3 7
5 18 7 11 9 20 1 4 18 17 2 13 20 14 3 7 17 13 12 3 9 2 19 20 6 0 8 15 15 2 9 8 7 2 1 14 17 10 13 0 1 10 12 10 8 6 0 12 7 9 10 15 17 2 10 11 8 18 12 8 3 19 15 12 7 4 13 18 2 16 10 7 5 14 1 16 15 5 16 1 6 18 5 11 20 9 6 0 5 2 4 11 12 15 7 20 19 8 1 10
3 19 17 20 5 15 19 7 11 1 20 7 19 8 0 16 18 20 16 12 16 13 12 13 2 0 0 19 19 13 12 1 11 13 5 20 15 13 1 4 3 20 9 18 5 0 10 11 6 2 19 12 14 15 17 12 16 8 0 16 18 11 1 14 12 18 13 12 9 11 17 20 2 6 3 2 5 20 17 5 13 19 11 8 10 7 10 18 19 16 6 13 4 10 8 9 20 10 19 10
18 8 17 9 15 20 12 7 17 9 19 2 0 11 16 8 8 20 13 20 0 12 9 17 19 7 2 20 5 15 8 20 7 2 0 10 8 19 19 5 19 10 11 9 1 19 11 19 10 1 1 15 16 0 3 11 8 13 1 11 3 18 4 9 10 5 18 18 13 5 8 12 0 18 5 15 12 5 4 18 19 13 19 15 0 6 7 17 14 19 9 6 4 20 14 0 19 6 8 8
11 9 16 20 1 19 13 10 5 1 10 16 18 6 17 5 17 16 11 2 19 20 18 8 17 9 10 3 2 3 13 14 8 8 16 16 20 9 17 10 1 17 8 2 14 13 2 2 16 5 7 2 17 3 19 0 15 12 9 5 0 14 6 9 13 9 10 17 8 16 13 9 16 18 16 18 6 7 13 17 7 6 9 19 6 17 9 9 6 20 10 10 7 20 4 20 5 7 4 19
2 5 15 6 0 15 2 16 13 18 20 11 17 7 8 11 2 15 14 14 14 10 4 1 13 18 3 5 1 5 13 14 5 14 15 14 11 10 15 6 6 14 16 20 13 1 14 1 3 9 16 19 0 1 16 1 15 20 1 3 19 4 8 9 4 19 5 5 14 19 0 5 13 19 16 6 14 16 16 9 17 0 5 11 15 19 10 5 12 16 11 6 9 2 19 3 18 20 10 17
16 2 2 3 6 13 17 10 1 4 18 6 4 15 16 19 12 14 1 4 13 18 8 8 18 14 9 6 8 11 8 0 17 16 6 18 2 2 18 17 18 2 6 5 1 8 0 8 16 4 11 16 4 19 0 8 3 19 12 7 11 2 8 4 19 12 0 1 4 13 14 18 9 17 11 17 14 13 13 1 14 10 15 1 0 15 0 16 12 10 15 20 11 11 16 16 8 10 4 1
15 7 0 11 8 11 15 14 7 15 0 18 14 4 0 16 4 1 2 11 14 20 6 16 4 20 14 14 18 1 19 20 15 4 17 13 4 6 17 6 16 7 17 13 0 20 3 20 14 13 20 12 3 1 5 14 2 0 9 9 0 11 14 20 16 0 12 4 1 2 8 15 5 5 5 15 7 10 3 4 5 13 7 16 1 20 19 9 3 12 6 7 8 9 7 20 12 10 20 0
7 1 13 7 9 14 13 5 13 17 5 17 10 2 2 8 11 3 19 8 2 16 10 6 10 19 11 9 20 5 2 5 16 11 3 13 15 13 9 8 1 19 17 14 15 6 9 2 2 9 16 10 18 2 0 2 7 15 19 6 11 1 17 18 3 10 1 12 3 15 5 15 15 8 13 19 2 13 16 10 0 17 8 12 11 8 7 8 5 11 14 1 19 2 0 20 4 17 7 2
7 2 14 3 16 0 10 19 0 3 5 1 5 7 18 5 11 20 1 14 1 0 14 16 12 1 19 7 1 17 2 16 3 11 15 12 11 20 6 17 12 9 20 15 9 12 2 18 20 20 10 13 2 19 11 6 6 11 16 4 1 6 14 13 7 17 17 11 1 14 16 13 9 16 18 15 3 8 1 2 2 0 8 6 20 2 12 16 3 18 13 17 11 3 12 1 10 16 2 3
20 8 10 5 7 5 9 8 17 3 10 7 4 4 12 2 5 9 10 0 3 10 13 3 5 13 14 2 12 17 19 14 2 8 9 7 7 13 5 0 13 18 6 3 18 9 8 16 10 15 17 10 17 7 6 14 13 16 19 1 13 2 17 8 15 15 12 18 17 15 14 10 7 9 10 6 14 4 2 14 18 0 13 13 9 5 9 10 19 12 5 18 9 14 0 9 4 12 7 3
5 4 15 15 16 5 12 8 6 12 5 9 15 19 13 2 4 3 19 19 5 9 6 18 9 12 15 12 17 19 5 17 1 9 5 6 8 4 11 12 14 12 6 5 10 13 7 3 8 7 15 15 10 5 17 12 2 6 2 3 6 19 4 9 18 2 10 20 6 9 19 18 3 4 16 13 7 11 15 20 20 14 17 0 7 11 18 9 10 3 0 2 8 15 13 20 12 2 2 14
18 9 9 3 7 1 13 17 13 19 20 16 16 17 3 16 14 19 7 19 4 5 6 1 12 18 19 16 14 13 13 15 11 8 10 16 14 6 8 1 14 2 8 18 20 19 7 4 18 10 11 15 13 12 3 9 13 2 16 4 2 13 1 12 16 14 6 16 18 15 10 10 18 9 4 0 17 2 3 14 6 9 14 7 5 15 17 2 14 15 16 8 13 20 3 0 10 1 20 11
1 19 6 17 3 11 19 8 16 4 0 16 17 19 20 14 19 1 10 1 9 18 13 4 10 6 4 7 2 15 13 19 10 18 18 7 6 4 3 19 3 20 1 2 5 5 11 18 3 18 20 6 19 14 16 11 4 4 18 1 16 6 16 16 19 12 12 7 12 6 18 11 0 8 19 15 18 14 9 7 7 7 10 17 11 3 18 2 20 7 12 14 2 5 18 12 11 7 13 14
15 17 20 15 16 7 16 19 0 4 0 5 14 15 1 16 15 10 8 2 6 11 10 16 0 12 20 4 13 6 6 0 14 9 8 20 19 7 5 6 12 18 8 8 14 9 12 20 15 0 16 0 1 11 16 2 5 6 11 4 15 17 7 15 6 1 17 14 14 12 19 19 16 18 19 20 17 13 10 9 14 12 16 6 9 7 4 9 12 13 9 3 16 10 5 15 12 2 12 18
16 11 14 20 6 9 16 18 12 13 12 5 3 8 18 3 8 17 2 14 10 8 14 1 0 13 1 9 1 6 16 8 11 6 15 8 11 5 3 8 16 3 20 15 10 15 1 5 5 7 10 17 8 9 7 3 3 4 7 10 12 1 0 17 3 19 2 10 13 15 10 12 0 2 14 10 3 9 14 12 12 0 12 20 19 3 17 12 16 6 15 11 11 2 17 18 17 0 3 0
10 5 15 9 4 12 9 5 12 15 8 4 7 4 8 17 16 9 8 19 10 13 15 0 2 2 6 20 15 18 6 1 20 6 7 7 13 0 4 7 4 18 13 18 6 2 0 3 15 4 10 9 4 13 16 14 16 16 9 17 17 9 11 11 16 18 19 17 19 16 20 17 16 6 2 8 13 18 6 8 11 18 6 3 7 13 10 14 15 9 5 19 0 3 19 15 16 4 1 9
519 315 562 726 498 193 321 544 772 283 796 521 544 504 71 77 880 134 688 837 742 839 914 602 693 460 111 197 404 611 576 373 117 178 345 258 445 721 675 251 494 478 92 878 454 368 351 768 177 194 970 105 130 815 221 360 161 398 879 756 165 642 959 509 306 569 376 478 846 752 360 812 333 566 868 138 636 239 382 754 501 973 710 70 153 439 989 966 642 98 762 909 403 48 243 883 187 133 661 461
196 632 333 770 289 25 278 286 400 540 829 590 884 317 803 597 751 733 133 117 257 985 440 282 679 961 546 235 705 471 460 948 530 867 645 252 990 298 510 497 666 144 436 557 679 576 328 687 44 340 262 976 111 76 619 59 706 246 858 42 898 214 497 701 75 437 947 518 221 51 889 70 922 777 98 982 41 820 405 610 167 632 673 877 668 407 502 958 194 26 883 117 761 123 178 938 598 738 81 551
849 401 786 943 462 528 380 132 213 166 911 802 358 447 162 433 974 324 527 965 660 980 739 814 765 648 306 201 500 71 974 886 164 930 13 484 138 535 568 738 853 306 783 4 859 685 168 184 981 591 87 243 995 76 908 329 965 623 5 40 695 850 891 130 128 887 793 519 338 516 735 403 853 154 421 541 815 759 137 552 967 261 744 515 800 151 804 750 64 602 331 718 231 17 761 353 288 152 983 595
737 330 859 833 384 376 440 838 273 130 737 190 975 319 660 146 880 670 814 220 417 766 430 987 29 890 256 145 821 932 722 514 183 890 33 918 489 747 52 884 572 649 130 310 103 275 634 676 111 822 538 627 945 957 111 205 409 48 245 654 402 143 729 131 62 148 174 725 709 634 861 723 710 82 43 918 361 861 25 228 322 28 285 545 493 324 830 203 311 2 476 556 10 572 70 439 352 201 217 141
976 863 878 924 13 86 722 576 436 120 894 964 109 971 127 117 79 689 192 457 254 994 128 349 130 591 545 989 272 238 333 140 652 91 297 149 8 338 202 869 507 311 579 424 715 878 163 687 548 814 76 969 726 272 977 903 39 97 886 328 728 704 436 820 235 110 688 685 561 971 654 419 678 751 403 24 300 212 997 978 192 336 859 343 816 361 524 524 735 816 791 232 87 358 977 611 511 692 392 807
996 727 816 308 112 199 439 144 777 513 641 931 719 538 409 36 639 596 164 359 226 559 764 389 776 414 100 286 451 671 254 202 78 862 706 576 222 49 409 641 910 188 380 972 991 227 226 366 651 75 596 888 185 290 489 337 646 455 370 932 698 107 28 47 815 532 561 912 272 155 412 164 450 176 4 838 633 616 619 989 309 240 512 550 102 682 7 288 484 588 656 831 84 973 239 538 555 968 578 154
523 825 176 887 147 417 736 309 516 98 411 116 988 801 441 802 895 147 45 534 992 689 622 752 701 507 182 140 330 868 676 477 342 755 98 187 362 219 260 709 176 161 97 481 966 822 842 249 774 635 368 709 976 505 377 706 560 753 133 713 42 521 139 930 395 286 841 762 915 833 227 625 248 337 805 255 159 690 865 463 906 802 851 575 986 952 792 508 424 407 246 701 226 68 336 572 530 711 341 276
603 887 740 751 401 669 192 519 732 781 752 67 602 313 881 869 384 343 63 587 645 826 239 370 587 164 378 927 507 611 41 423 881 96 290 656 533 541 184 259 219 907 514 991 612 36 454 72 380 47 658 108 248 349 448 481 273 177 94 254 196 76 307 365 150 231 17 354 268 386 513 907 182 436 911 62 918 283 692 568 856 51 798 504 482 293 848 244 892 582 448 230 67 48 743 447 869 508 556 336
207 928 258 210 837 163 509 718 261 823 488 283 346 509 830 19 311 684 215 578 585 509 837 218 192 861 117 85 215 155 286 639 898 201 395 590 879 388 254 311 509 944 237 34 50 70 582 188 738 331 307 496 449 229 769 44 200 642 863 282 295 607 155 610 760 210 451 868 922 356 778 629 788 457 656 195 645 34 253 674 658 914 357 726 574 117 884 851 999 279 863 824 611 492 753 61 373 260 292 424
672 190 108 950 851 74 330 607 429 305 128 540 763 665 140 372 335 248 258 100 600 264 895 918 586 78 973 243 568 155 121 711 42 772 29 552 575 220 684 774 598 558 372 676 686 668 836 119 679 265 247 1000 78 909 344 700 286 494 741 48 299 678 246 198 867 185 226 832 702 797 868 818 212 169 643 900 948 650 11 902 131 479 230 366 410 46 265 653 671 756 619 859 189 78 368 386 445 567 121 512
747 366 60 807 187 792 536 466 572 460 918 24 319 910 747 549 874 457 244 316 888 380 94 701 704 327 243 196 763 823 648 616 441 23 211 207 216 410 433 847 876 91 772 770 101 417 111 449 777 262 184 680 505 437 295 703 272 755 373 51 713 783 87 832 488 529 866 870 310 262 780 850 674 489 846 663 857 868 572 423 949 135 504 586 351 642 831 92 919 674 391 633 454 463 873 856 135 417 618 986
599 255 331 250 360 788 860 718 506 139 422 949 693 424 74 3 934 68 879 391 436 440 841 622 905 451 771 881 891 327 444 562 801 220 53 840 965 56 838 783 497 507 182 559 271 533 82 252 147 739 158 639 55 883 387 694 726 560 568 491 815 957 138 596 713 590 831 196 733 710 28 43 987 387 39 93 120 745 968 936 581 256 532 263 955 943 226 973 543 848 330 862 393 562 155 235 133 241 808 817
846 681 448 454 622 294 573 257 573 233 512 64 638 871 578 93 310 65 830 814 885 146 426 219 23 649 504 798 756 840 362 887 278 828 18 978 382 750 708 933 841 840 618 451 993 634 357 584 842 458 362 378 519 98 916 566 149 733 859 497 63 92 550 179 775 336 174 173 327 435 39 139 680 902 669 383 664 239 964 658 578 365 118 509 377 935 571 16 155 413 729 17 139 565 408 449 683 368 126 690
335 679 12 289 19 450 796 361 99 656 583 992 763 903 314 213 998 226 896 61 116 331 482 160 649 569 534 893 813 177 226 749 952 490 854 291 790 147 920 463 503 124 985 894 130 821 109 940 148 311 402 153 258 153 460 202 462 925 291 895 125 736 667 295 495 641 837 482 460 414 875 834 249 294 267 857 222 971 415 942 665 62 985 280 529 414 452 874 993 837 605 164 512 602 740 618 432 268 696 34
661 373 694 715 994 589 706 455 900 403 981 976 868 260 610 477 360 384 5 505 841 908 464 225 518 925 725 964 192 368 923 487 568 549 836 644 289 636 854 397 493 876 175 174 549 874 7 371 800 49 421 304 743 632 389 762 59 673 415 776 711 845 642 55 283 525 25 471 176 750 700 39 492 935 178 10 817 423 190 821 381 785 293 55 34 666 253 499 172 721 951 593 241 253 748 265 156 301 843 923
959 43 951 688 312 757 32 795 520 832 308 294 902 457 823 593 674 80 623 325 920 390 809 920 35 949 943 890 810 618 986 218 716 140 249 609 878 544 259 605 79 53 178 877 446 254 660 378 2 777 500 674 942 371 677 987 411 937 472 403 192 908 249 812 735 551 76 586 464 934 343 399 32 344 989 500 862 574 227 72 913 180 398 836 507 272 659 902 10 956 501 86 14 462 122 418 416 610 18 163
798 218 344 130 784 360 248 839 372 580 67 665 40 23 623 490 162 988 361 849 973 957 773 195 337 437 679 615 781 925 876 365 658 669 655 593 36 397 701 750 331 95 877 502 92 840 381 6 407 128 93 107 38 683 971 558 145 1 29 24 776 259 5 652 281 474 621 138 312 531 729 2 68 21 447 117 746 287 291 319 52 436 133 642 185 838 789 51 386 132 213 10 807 412 489 429 495 242 272 941
968 332 765 553 480 4 960 355 210 358 608 960 411 453 841 209 203 722 948 155 300 148 442 661 936 251 7 516 752 779 168 757 907 687 803 439 58 960 477 281 260 522 931 171 367 663 815 414 944 120 740 77 577 479 879 679 84 446 760 279 141 334 220 324 636 443 42 136 277 773 35 239 708 741 240 561 249 895 559 878 989 702 97 448 743 977 22 164 594 838 714 805 545 591 840 292 596 440 520 738
354 861 773 969 974 416 855 443 571 419 963 974 112 764 800 790 922 367 845 523 946 382 188 826 453 159 802 834 528 525 914 312 459 402 163 83 711 549 248 209 367 520 388 474 199 129 20 588 548 214 222 893 567 519 656 91 553 744 836 908 552 222 390 849 672 294 676 669 599 91 84 24 910 895 98 966 412 152 678 774 313 793 882 938 872 267 57 779 55 743 688 368 107 29 244 719 912 353 907 831
600 173 357 215 9 96 803 190 621 893 337 229 626 247 654 650 166 11 189 214 865 148 408 401 458 901 848 668 555 624 470 594 830 746 367 440 821 503 801 323 313 385 223 225 371 119 132 420 846 559 585 725 725 881 731 636 821 610 831 175 896 785 104 935 406 753 861 268 74 81 949 538 535 281 979 889 201 788 292 905 677 190 933 957 356 879 864 40 327 942 57 781 821 893 924 672 280 266 126 33
839 532 79 481 617 548 630 672 436 202 495 338 1 1 106 818 667 111 44 811 955 528 94 641 221 918 389 59 680 963 182 497 131 960 88 354 25 698 158 230 29 34 685 261 979 274 6 487 44 58 984 612 781 323 597 179 951 596 616 473 750 278 443 141 729 484 505 438 240 80 292 538 949 487 201 222 398 233 44 43 657 9 296 855 517 417 315 376 418 777 165 754 482 900 707 340 980 455 773 62
620 658 31 956 360 500 46 156 656 286 449 923 882 842 572 694 899 228 536 688 390 161 134 754 824 968 294 632 701 526 727 495 501 718 152 150 161 197 501 102 675 506 205 549 564 812 217 216 665 233 322 529 344 977 634 232 398 902 827 384 423 467 972 479 471 241 536 660 996 369 159 736 783 265 948 256 34 302 575 196 868 258 340 988 51 887 635 413 805 51 405 808 544 613 242 718 468 39 817 868
369 640 466 596 74 26 526 634 266 935 318 394 128 755 995 129 480 114 987 187 878 899 231 808 175 307 721 545 863 815 8 666 138 782 550 956 947 921 8 332 165 742 181 411 785 80 482 59 91 516 60 29 7 397 566 283 356 58 196 978 230 824 134 500 585 368 944 846 244 505 931 420 405 229 89 271 220 309 995 606 534 400 595 101 856 946 32 674 856 226 358 218 143 567 413 687 774 97 147 877
904 390 637 821 336 894 824 903 286 145 258 578 433 728 264 611 137 61 843 724 850 676 455 990 826 741 610 523 891 469 333 192 940 636 910 116 304 641 273 863 79 523 563 602 436 864 28 649 723 55 463 880 144 212 425 214 202 469 746 346 740 375 162 984 386 921 594 375 551 877 313 361 944 693 744 964 310 25 916 597 768 966 903 689 449 120 867 835 255 702 892 817 330 540 897 539 704 397 581 401
384 763 40 811 689 845 100 912 359 436 941 681 139 19 856 620 3 148 399 778 492 319 293 103 842 130 666 310 852 259 190 981 880 368 739 844 704 28 908 102 362 422 211 890 888 270 412 81 730 631 459 933 703 911 432 941 452 410 40 533 237 382 939 987 557 872 715 205 878 162 344 260 853 75 899 111 279 758 402 343 799 996 627 510 1 740 724 922 712 854 540 755 611 361 265 823 459 620 729 286
602 626 175 462 484 263 391 709 146 267 533 816 630 334 566 782 186 46 884 534 87 197 270 731 155 745 637 40 744 527 124 354 319 460 819 940 69 336 595 164 459 500 52 715 516 395 805 378 536 697 55 770 578 93 228 532 801 510 821 315 724 414 352 469 331 38 666 149 780 651 885 935 987 798 753 424 311 392 36 241 563 699 461 778 935 41 72 928 804 89 762 47 18 78 491 255 566 466 8 161
469 689 244 888 941 763 524 239 662 743 398 286 177 823 587 213 944 471 187 668 343 476 781 763 507 224 93 218 665 409 194 258 419 861 220 661 894 23 588 617 286 848 449 11 604 821 169 738 775 856 980 589 658 991 237 337 902 863 227 986 286 3 263 793 529 41 276 308 47 879 443 74 447 331 671 543 374 343 4 411 928 450 623 633 193 396 742 505 255 228 992 816 96 525 536 886 193 938 762 100
391 701 561 492 154 215 765 160 243 364 294 289 476 136 881 363 678 853 193 422 583 632 15 271 160 999 393 628 950 677 467 576 681 382 669 491 379 888 834 220 761 749 654 878 10 144 928 962 301 370 559 151 801 210 962 714 413 643 557 812 506 247 818 964 741 797 618 915 151 700 805 963 83 855 609 55 843 444 223 737 106 922 492 488 603 581 794 80 270 127 998 353 564 647 610 204 27 435 643 338
501 397 137 72 706 712 85 163 963 522 931 23 570 240 368 210 621 892 456 952 889 142 509 3 607 436 831 942 682 939 52 739 872 105 832 611 533 390 617 806 996 766 34 478 265 400 653 503 26 139 359 660 35 699 488 924 296 210 882 84 175 85 771 954 306 839 207 483 212 487 823 592 271 248 404 6 284 761 631 962 581 316 508 752 581 513 352 173 526 38 163 18 898 645 206 678 239 691 983 54
994 236 137 901 422 361 401 896 936 366 321 744 43 221 433 450 329 644 131 54 760 810 998 75 226 357 541 722 801 330 334 472 29 610 918 295 651 103 846 158 273 507 243 166 908 457 622 470 388 584 210 353 823 613 898 44 970 302 480 40 812 138 226 630 791 603 736 338 635 838 484 896 245 387 935 388 420 517 461 34 510 635 151 805 106 86 209 429 650 514 969 846 947 369 749 308 280 568 895 575
595 593 667 704 514 996 127 235 793 728 67 401 23 352 866 121 610 319 656 194 537 208 589 714 700 381 902 598 249 650 10 421 375 301 100 92 492 54 136 607 845 299 592 371 516 323 493 94 492 137 598 327 894 561 709 763 610 1 598 837 586 43 390 992 382 478 79 882 200 963 529 470 515 755 900 695 787 583 543 182 156 206 877 990 429 416 845 743 778 321 60 821 236 545 685 496 284 531 438 389
202 302 107 749 463 869 809 456 765 292 105 827 923 84 250 34 993 16 697 166 929 70 433 317 656 963 167 390 653 151 107 304 717 891 582 458 843 73 807 568 549 758 306 139 216 398 181 485 869 783 450 135 868 141 638 565 627 810 174 722 694 992 782 574 501 359 925 120 675 87 291 254 567 570 48 944 162 662 499 563 60 596 46 315 116 770 196 608 722 48 196 950 986 671 151 652 243 971 934 755
534 857 177 441 36 199 749 148 112 597 967 590 470 837 328 947 797 331 301 13 396 740 530 47 627 21 689 717 335 176 43 80 855 592 776 56 655 414 60 247 457 961 62 210 900 443 790 517 351 499 138 715 915 778 541 858 216 869 903 245 698 233 124 46 614 233 901 746 384 847 486 186 238 602 202 192 584 272 51 456 477 130 27 17 791 843 358 178 490 82 930 981 127 896 853 425 84 415 383 867
672 566 594 276 62 256 788 401 513 803 348 288 49 447 90 689 296 818 509 1 598 381 843 245 661 435 28 903 202 527 233 535 834 280 626 91 869 273 812 438 765 640 324 973 555 820 755 662 435 176 876 844 781 911 137 183 538 235 101 299 476 335 726 225 210 361 978 385 30 96 971 389 1000 749 580 576 537 645 828 577 869 153 816 618 148 381 235 133 599 372 298 281 102 953 11 509 872 983 761 993
696 762 734 757 800 972 424 40 682 938 557 208 432 770 656 524 856 682 659 407 898 393 821 135 151 662 369 934 168 537 128 424 138 893 32 490 170 996 772 864 272 946 465 824 60 364 169 442 812 329 929 795 568 435 833 421 483 45 838 704 756 663 320 976 862 38 51 384 3 187 240 691 52 334 82 585 613 255 279 802 136 352 112 705 522 443 188 975 166 576 870 243 194 366 473 683 175 780 311 898
879 281 448 231 387 366 521 367 774 779 407 662 65 717 721 975 263 11 403 411 371 814 160 864 625 663 29 985 807 199 275 966 946 922 356 527 556 597 804 838 840 753 231 492 6 340 589 357 510 853 428 807 3 265 784 604 474 736 492 632 584 162 843 263 336 155 333 113 680 282 329 561 235 240 698 885 192 520 396 768 416 241 162 245 220 299 894 222 354 762 97 596 457 479 76 536 776 571 271 913
363 488 397 200 198 99 909 126 649 333 955 458 212 512 564 707 141 55 648 140 56 330 730 973 243 862 1 836 86 975 65 939 982 190 739 517 911 987 615 583 669 492 21 297 947 315 594 514 211 647 625 154 907 231 554 984 522 731 480 377 813 519 316 907 846 435 949 145 786 438 860 730 957 17 920 790 377 668 891 572 439 497 909 20 60 320 809 670 985 483 106 669 665 940 918 546 591 740 710 654
106 14 905 883 504 196 989 869 145 397 768 248 165 399 336 427 242 204 70 675 928 524 298 302 357 338 932 149 999 883 473 870 58 940 865 404 697 661 303 929 10 856 488 575 444 174 879 574 135 879 484 85 774 775 529 41 400 100 81 137 194 66 335 999 780 126 396 340 809 445 14 3 130 56 47 146 830 307 161 506 731 811 346 308 244 883 925 170 234 155 390 818 463 107 746 51 322 82 888 329
959 686 390 670 497 587 127 165 679 985 962 653 623 726 645 400 462 394 438 969 512 159 348 997 865 590 312 774 358 153 380 940 716 428 897 285 747 301 945 573 427 70 412 956 741 906 587 500 367 929 676 552 102 625 80 663 2 857 602 111 572 58 51 499 750 832 503 721 520 281 49 614 156 410 544 568 681 111 199 423 990 48 62 375 765 336 43 387 150 475 884 358 172 155 911 516 471 638 660 860
367 294 932 905 366 519 652 120 288 412 719 265 97 232 907 651 943 892 81 457 134 684 184 675 912 144 642 301 635 467 426 685 908 149 212 979 126 813 130 631 628 31 44 452 194 155 930 148 789 354 111 76 706 49 410 394 930 550 140 435 664 342 591 784 895 546 778 597 526 741 433 36 735 413 233 983 607 188 170 437 231 366 761 308 97 203 65 837 981 965 413 413 294 669 485 310 404 694 653 876
886 176 874 268 602 987 654 592 492 484 952 351 249 572 868 871 450 657 943 289 391 221 373 403 741 13 125 757 166 64 759 963 802 301 60 720 945 188 710 632 464 503 338 619 769 964 936 335 497 725 369 437 542 246 35 125 15 737 408 849 868 858 29 632 312 332 944 207 823 606 714 178 265 587 293 286 380 606 835 588 596 102 714 271 989 389 211 372 889 253 817 399 328 61 317 29 146 432 698 438
858 628 796 89 132 763 584 463 420 752 138 800 807 31 986 84 330 686 493 387 685 235 923 683 935 947 767 518 516 228 993 230 709 576 487 615 104 235 253 77 257 483 325 986 131 890 169 310 413 324 127 942 874 370 17 353 96 897 765 16 866 459 533 317 89 40 690 640 265 446 449 212 605 793 338 173 764 189 11 625 145 150 212 183 442 941 678 259 815 253 281 405 403 199 776 199 863 979 788 841
785 27 583 797 286 332 460 33 87 62 879 976 866 855 219 813 961 740 919 30 566 774 694 187 272 989 531 119 892 357 868 180 644 54 431 420 583 981 102 16 560 539 771 648 459 472 790 620 277 363 354 706 694 94 442 520 5 799 292 265 289 584 819 332 836 957 757 889 671 732 604 271 880 242 828 280 370 269 702 844 832 960 645 308 772 692 534 328 375 206 33 525 67 325 518 613 238 781 551 36
545 563 592 221 32 95 816 116 988 644 635 348 880 962 430 290 883 541 758 669 146 92 951 913 785 233 943 116 270 530 677 882 883 181 218 624 678 154 654 732 785 498 622 360 743 111 397 848 464 481 950 812 659 596 608 230 639 749 193 359 191 404 541 808 422 45 485 316 138 206 861 406 573 283 335 379 174 216 705 535 742 607 197 213 579 3 71 651 277 633 724 389 794 61 923 130 648 842 614 197
526 307 327 44 682 988 766 66 738 160 244 374 48 63 6 909 623 732 975 751 168 246 851 447 479 9 170 380 871 388 614 626 703 151 822 133 40 440 205 385 900 809 982 254 165 351 755 837 101 794 490 538 925 887 77 573 226 804 163 5 205 712 247 381 854 573 680 452 689 777 191 820 149 680 268 727 985 469 191 502 317 819 285 245 924 405 382 492 920 45 152 523 701 931 687 834 573 39 45 140
37 636 717 696 424 922 751 233 310 390 918 524 901 279 898 729 295 107 456 62 876 147 185 143 446 454 28 482 422 85 70 328 696 536 488 209 204 352 482 506 829 189 376 153 124 897 22 663 579 431 196 879 670 938 712 525 394 997 268 657 712 306 964 588 938 318 126 584 10 542 820 123 990 762 159 182 732 343 646 621 198 900 451 914 435 269 919 506 804 415 100 316 463 712 325 41 372 500 276 975
743 497 745 35 43 358 294 876 635 529 390 811 63 200 62 406 264 718 903 849 606 189 439 499 883 546 297 722 459 736 55 89 884 281 892 277 573 113 67 80 488 620 894 341 894 639 62 949 716 434 865 849 278 304 938 570 55 401 681 942 470 325 58 928 719 28 390 396 227 250 565 522 869 147 441 979 118 242 501 32 556 190 769 720 522 86 55 615 909 363 406 415 99 231 821 676 935 245 785 581
577 840 586 442 46 599 130 635 10 510 489 985 181 615 539 978 106 365 167 684 504 272 195 66 137 486 933 184 513 899 775 733 411 59 252 581 568 785 20 884 417 522 914 294 753 719 561 549 468 869 479 341 63 702 947 885 466 538 341 619 642 455 353 331 770 509 305 986 68 466 389 150 780 685 288 846 173 677 476 357 560 893 628 488 774 607 788 325 869 975 842 768 326 510 609 753 574 624 176 630
459 936 475 129 132 374 335 907 259 603 657 527 563 737 854 424 310 409 357 587 932 151 627 459 116 326 824 611 851 517 293 178 351 65 350 403 554 702 63 612 71 258 416 365 549 937 567 996 602 886 548 229 182 981 727 336 371 721 166 358 100 77 217 540 104 413 332 694 940 835 514 458 905 123 336 479 670 173 1000 3 375 410 854 489 521 358 401 350 353 941 870 1 515 472 669 172 510 331 443 523
496 777 187 170 340 931 538 444 938 740 195 307 575 342 396 198 124 278 312 463 505 215 293 686 202 658 660 109 880 203 727 846 801 63 595 739 867 463 868 599 651 825 936 362 513 950 827 627 757 513 414 150 191 362 837 18 729 580 983 349 53 389 933 785 111 663 550 780 151 288 179 356 95 94 893 753 84 301 549 508 394 942 504 545 144 150 894 387 242 915 969 124 485 192 202 703 881 383 731 971
592 798 535 598 901 927 953 753 710 540 119 456 673 618 287 928 61 793 119 851 700 961 387 537 444 553 216 229 936 167 169 617 121 862 910 947 604 252 780 600 295 955 881 111 858 192 991 230 750 157 546 309 747 267 202 951 725 869 892 799 407 200 592 295 381 129 890 351 976 19 940 319 845 982 893 729 810 517 982 859 362 644 429 901 378 764 507 260 290 387 24 229 270 485 55 870 103 980 553 369
906 785 926 446 495 706 475 905 973 240 966 674 647 542 622 884 514 673 903 335 585 647 409 244 631 648 615 156 774 715 132 802 399 983 784 744 586 317 394 705 122 367 425 347 20 899 645 997 339 447 374 311 957 411 687 504 932 373 874 838 324 103 233 614 43 841 475 424 252 436 754 342 631 787 385 330 986 869 260 11 779 398 12 65 73 919 295 620 120 278 596 830 784 70 184 553 284 270 941 921
97 865 169 769 283 40 222 425 424 920 68 940 447 171 454 681 648 545 57 316 977 774 171 996 213 2 89 259 403 167 604 529 826 334 748 921 772 556 750 271 179 672 743 334 675 245 318 688 292 178 79 886 582 233 492 137 765 153 810 632 666 376 155 601 509 88 809 629 760 914 530 974 236 293 270 909 935 920 789 564 220 410 74 71 953 859 694 300 176 315 597 539 809 254 204 166 517 146 592 27
162 643 625 826 741 970 951 866 536 393 594 462 686 795 428 237 983 75 170 606 423 317 857 479 399 783 684 366 879 410 263 896 678 28 215 170 45 545 523 420 589 720 699 871 144 908 43 25 749 985 192 311 234 131 835 426 194 374 574 256 971 888 838 285 318 57 702 481 807 133 999 450 807 330 280 49 990 239 570 285 352 548 745 853 792 161 645 446 379 683 304 552 710 722 157 711 521 641 340 974
29 385 201 123 152 208 654 136 652 784 422 697 568 93 744 473 727 808 507 108 871 839 317 189 913 807 450 437 232 738 555 669 765 643 936 415 464 299 471 932 7 447 141 189 193 490 373 805 525 333 118 598 887 481 465 699 362 34 374 250 901 704 475 524 745 781 192 158 426 521 828 582 334 203 142 56 702 596 676 982 73 405 690 327 23 594 165 487 963 569 482 869 851 770 755 79 509 201 322 625
20 824 491 408 878 200 725 285 607 581 48 773 185 714 13 903 903 529 354 671 117 487 845 410 689 634 847 163 425 970 928 253 616 690 425 942 213 737 10 57 401 365 61 290 387 988 667 392 48 20 304 200 398 346 923 145 647 713 540 464 684 648 186 149 214 658 337 685 707 707 28 940 156 799 168 36 214 545 676 743 830 972 126 919 450 651 377 725 278 425 903 303 565 359 944 657 353 826 362 978
642 933 690 255 558 510 20 118 483 892 712 630 954 757 818 1 768 794 183 333 593 800 494 102 937 421 795 278 423 205 636 850 997 942 41 781 89 442 5 811 956 233 681 402 900 361 615 70 553 545 262 848 652 599 911 923 203 802 621 624 841 611 480 482 84 486 390 856 977 411 186 14 967 991 794 417 342 31 617 930 521 927 807 182 522 722 400 250 777 862 789 678 986 394 864 225 811 601 419 924
188 989 55 204 671 471 370 619 492 586 33 231 362 731 211 964 816 364 692 206 212 735 380 151 237 597 998 272 762 881 911 53 330 125 484 512 408 863 199 660 908 838 2 564 953 22 371 122 286 145 55 250 87 447 937 132 246 46 798 392 707 321 774 664 304 72 826 26 601 850 280 972 342 650 526 174 602 124 488 127 665 799 602 9 889 239 239 817 260 708 308 990 881 404 349 707 207 872 716 249
555 427 194 181 811 745 790 232 85 358 81 746 555 786 875 703 764 566 485 929 810 968 154 875 818 833 614 568 478 869 351 681 209 947 161 11 704 21 690 25 855 652 527 808 440 104 227 924 917 145 548 884 527 666 35 327 507 481 960 790 346 365 453 148 349 587 912 40 59 129 44 223 695 298 547 621 28 868 65 884 774 508 908 598 330 910 175 477 574 204 493 846 633 662 498 122 931 758 123 886
325 325 371 935 455 451 63 872 709 366 660 97 997 272 781 642 194 275 122 326 38 810 376 297 365 626 90 854 319 166 842 32 240 90 947 14 902 602 865 652 112 86 536 43 750 656 870 564 693 317 269 373 945 188 77 357 971 823 32 11 360 977 60 596 658 926 382 529 798 747 30 839 712 702 589 273 164 969 165 595 355 80 271 846 510 649 273 720 67 740 996 116 475 413 442 746 941 942 502 151
632 340 168 1000 825 571 575 538 433 355 561 145 609 764 202 853 138 882 701 919 781 926 615 337 783 960 562 875 634 312 718 235 482 47 493 522 988 744 762 841 409 360 423 170 992 456 185 571 950 288 842 346 321 749 140 171 383 319 76 982 680 724 116 155 473 281 838 602 477 997 860 316 809 463 163 703 648 420 754 134 229 844 158 679 660 491 309 105 934 305 27 437 428 639 565 332 963 410 672 760
310 349 463 322 862 825 239 48 171 656 428 218 72 945 752 13 871 196 867 567 425 800 144 28 257 150 345 949 723 284 225 213 578 774 984 148 258 785 899 882 939 377 910 527 407 569 677 47 7 620 813 394 450 522 621 768 561 209 715 860 651 968 661 461 617 485 182 508 170 858 964 546 351 156 142 648 671 765 723 360 442 97 798 250 3 756 648 716 471 193 547 404 12 428 751 677 789 526 391 156
581 404 624 849 31 467 531 269 413 162 899 913 237 31 913 81 900 69 672 216 189 261 769 110 774 475 339 324 353 326 305 872 622 409 379 269 339 486 915 666 972 246 456 516 520 421 476 362 659 895 954 947 113 630 340 935 798 544 199 597 915 900 769 34 822 964 66 904 333 946 568 518 762 556 529 336 957 842 900 586 663 710 809 716 588 220 940 551 437 694 878 726 100 14 456 28 577 736 4 340
854 444 713 308 954 941 738 702 385 704 585 294 733 809 220 555 656 775 464 174 85 369 736 827 53 836 712 191 977 315 608 423 345 129 707 42 152 392 384 50 133 329 177 253 751 657 649 102 483 352 799 925 212 790 929 979 146 988 92 990 60 915 735 655 723 453 531 539 860 407 296 331 529 420 605 790 511 503 947 660 451 805 755 543 680 221 839 413 45 661 17 496 333 789 431 53 767 306 22 506
509 439 727 252 814 259 113 941 684 670 29 790 331 340 844 305 946 238 534 610 933 3 363 762 231 246 372 975 373 485 437 113 181 143 686 796 626 196 559 248 195 496 755 626 682 203 199 590 103 447 545 40 631 407 219 74 336 811 660 181 893 397 766 493 630 250 955 263 323 555 890 821 968 198 403 393 602 575 814 423 311 490 448 49 420 812 720 33 842 310 886 510 71 409 243 729 601 458 915 496
604 919 877 88 989 314 621 209 680 239 399 178 210 756 922 8 585 875 934 698 137 49 214 916 116 624 827 911 76 199 441 145 908 927 720 196 71 25 181 681 70 291 16 189 498 291 378 304 759 367 645 517 42 179 332 119 220 300 150 985 620 97 857 422 373 945 466 75 974 281 814 732 520 698 382 796 312 84 970 198 898 936 53 363 390 406 541 495 504 170 922 94 609 193 837 878 403 50 111 896
349 108 68 470 520 334 587 959 279 139 332 644 122 188 228 116 409 28 558 95 398 958 393 35 119 673 558 853 273 24 406 990 873 613 641 291 333 350 696 28 609 568 884 638 654 194 531 271 487 964 581 351 14 605 569 670 154 815 388 344 941 286 988 611 848 137 960 441 74 826 386 124 421 416 954 389 554 499 347 755 284 172 267 6 267 613 434 17 559 516 895 511 501 581 159 595 547 506 691 807
445 694 2 124 926 841 827 991 927 344 337 747 205 57 155 585 114 717 998 157 884 250 378 143 349 128 239 385 490 591 181 800 8 492 357 867 516 172 48 889 129 639 71 67 747 207 109 433 353 749 619 991 807 456 143 54 129 271 832 994 773 486 772 869 129 126 314 166 386 933 214 722 77 74 649 577 705 590 696 64 782 986 198 659 846 676 126 270 696 627 617 571 146 574 241 471 529 640 228 288
793 259 484 362 966 588 191 201 629 369 277 270 369 172 275 255 929 31 28 957 870 158 24 776 57 959 989 396 190 42 680 184 586 269 11 993 686 75 591 77 938 287 697 647 969 912 658 371 981 690 446 612 730 69 798 415 678 575 729 994 175 365 738 312 143 398 606 107 438 899 168 158 128 153 26 82 975 943 681 146 425 358 695 912 40 951 620 310 81 181 767 502 147 266 437 239 958 524 109 603
590 550 194 384 609 837 970 982 770 736 819 531 621 414 799 434 113 939 156 104 222 733 487 32 876 447 933 561 437 333 390 224 636 452 913 849 410 892 478 450 136 611 434 700 956 565 281 402 355 30 161 791 144 921 590 233 615 442 798 277 215 69 385 991 909 568 526 223 55 435 235 380 354 600 813 210 884 390 49 247 670 443 942 684 733 445 722 742 363 257 122 811 246 729 960 311 386 477 666 789
160 532 221 702 649 731 975 538 73 952 13 545 610 719 945 928 281 36 282 384 599 969 572 5 762 689 400 457 64 663 473 806 437 425 291 624 733 821 394 134 858 521 666 666 916 861 368 660 970 787 424 858 619 114 219 878 3 968 798 870 702 531 539 642 138 123 359 610 320 863 906 175 757 625 217 838 945 878 541 145 160 677 756 738 226 555 543 968 265 91 788 545 233 765 108 112 801 254 518 859
429 755 333 27 632 913 154 618 150 174 331 948 847 932 181 390 728 941 752 688 473 712 660 462 199 665 835 491 436 540 149 266 16 755 634 155 910 394 462 729 693 892 370 430 654 6 791 595 428 709 431 751 29 792 268 995 21 300 49 866 989 659 484 128 19 26 7 14 264 975 897 482 306 228 566 987 144 738 813 981 349 963 580 124 626 595 135 882 440 985 768 768 671 400 827 69 429 998 462 613
976 657 592 727 5 421 696 467 203 131 960 462 53 147 303 550 919 483 668 143 347 551 465 61 615 717 357 267 761 557 867 68 510 706 715 767 921 858 591 437 364 834 413 667 105 145 494 167 213 173 959 802 847 241 819 540 185 407 53 321 324 298 18 293 782 171 990 386 963 188 11 434 817 577 977 718 326 879 993 369 331 39 288 681 243 185 233 275 447 871 963 230 733 44 404 484 615 616 572 856
585 340 155 763 384 136 430 613 732 670 213 614 918 979 361 799 735 931 502 269 81 647 212 670 128 658 467 442 398 845 172 472 445 892 505 204 98 845 408 553 969 383 262 456 960 489 22 717 45 776 945 384 186 710 162 699 358 960 284 453 27 644 679 576 425 538 860 201 429 63 74 76 757 791 947 316 764 480 815 593 11 817 52 325 408 532 841 673 831 773 375 435 242 294 423 957 70 764 192 513
879 470 4 602 720 362 502 317 164 790 133 480 374 419 783 795 727 636 153 182 815 956 605 396 347 922 913 137 239 944 97 415 684 117 202 602 388 101 612 828 412 34 633 800 159 291 414 513 556 399 287 403 605 598 927 196 607 451 928 607 444 150 845 23 176 208 29 949 447 771 208 52 85 223 875 770 121 455 591 158 225 349 770 514 67 925 886 610 286 903 322 466 998 211 975 463 270 375 248 392
178 899 185 586 999 161 806 21 74 639 20 557 164 93 786 230 189 371 486 635 907 307 41 946 896 458 439 840 735 190 99 980 623 300 569 701 632 462 478 379 181 230 934 596 690 189 529 288 889 562 637 276 184 975 31 165 239 54 537 235 331 182 508 968 964 728 941 151 92 2 927 529 478 276 423 864 437 981 382 689 834 899 172 383 468 477 683 691 410 988 145 1000 144 957 95 129 81 295 728 341
75 307 622 6 888 341 407 727 512 72 442 602 490 119 612 978 831 681 720 303 345 595 741 864 948 79 741 999 897 139 175 590 287 952 150 484 263 994 32 637 55 920 480 704 256 472 415 516 238 222 971 56 887 162 434 700 787 67 422 332 561 766 201 404 541 125 392 737 783 380 955 202 722 393 452 963 353 724 406 872 415 999 860 211 785 742 970 696 85 88 129 49 386 196 84 195 487 860 226 761
436 859 427 229 675 920 87 956 414 883 781 150 835 125 225 542 112 980 874 854 570 846 552 291 538 290 782 566 340 53 402 978 444 595 803 178 556 54 680 296 199 935 991 696 900 315 827 143 726 835 51 93 719 256 678 228 311 178 99 822 331 16 854 893 190 37 841 121 131 743 953 235 417 65 395 745 889 549 707 120 916 553 377 244 492 461 374 189 447 335 364 486 55 391 285 305 803 190 203 797
813 309 73 204 714 196 982 818 269 910 587 904 986 112 927 56 824 20 636 281 245 281 146 454 501 117 201 299 347 23 202 349 4 259 719 259 346 721 2 664 281 469 959 946 255 65 566 369 373 964 351 849 309 323 805 343 916 838 97 925 750 538 933 230 596 231 168 679 630 326 784 286 539 289 151 305 998 85 720 88 811 775 959 660 953 765 622 72 597 835 363 546 641 730 864 539 983 371 79 806
345 791 626 256 134 921 818 445 982 558 912 729 238 969 104 731 103 468 338 710 983 997 181 39 412 42 269 617 980 648 400 911 416 78 48 520 853 168 656 531 267 975 714 810 386 775 214 128 243 167 90 149 98 241 748 678 469 764 558 697 48 637 866 717 17 420 818 832 60 987 905 418 303 612 968 668 519 17 329 654 443 777 573 196 1000 517 482 414 81 245 685 304 710 81 968 740 30 137 294 299
751 545 32 260 867 231 448 404 16 921 70 284 671 112 433 287 34 803 790 863 779 299 549 487 125 457 923 348 810 559 335 761 857 94 218 206 974 519 581 276 590 290 237 346 766 565 724 722 312 982 797 613 248 30 55 566 519 287 642 447 112 299 948 355 942 283 463 223 712 484 418 145 894 537 361 706 234 298 569 341 62 427 968 971 13 772 872 196 867 731 371 625 312 989 625 388 981 149 774 391
345 899 574 344 643 338 137 170 619 284 540 242 457 178 207 543 792 600 423 869 977 446 604 920 872 827 480 679 59 149 246 973 964 347 456 789 952 333 156 67 81 803 62 725 712 436 779 228 386 606 42 265 314 907 32 943 491 795 754 441 274 198 593 594 394 615 728 385 587 178 988 562 104 639 970 596 140 698 781 69 447 779 212 178 952 881 55 734 584 64 345 813 315 499 897 199 438 605 69 867
818 910 406 829 66 768 937 312 481 634 580 473 586 371 401 403 979 97 586 885 891 995 506 782 955 278 136 398 485 457 918 983 34 954 256 869 628 433 678 764 843 573 246 375 727 856 323 792 776 553 476 995 448 31 720 473 369 333 485 290 439 600 657 452 877 701 573 506 406 255 273 655 732 532 591 1 585 750 385 848 996 794 325 233 917 841 554 678 513 48 530 651 873 210 531 549 465 454 817 221
657 826 167 25 940 623 629 129 526 747 838 585 976 448 956 767 9 415 381 367 136 117 884 250 732 627 164 529 570 735 995 295 856 130 708 230 534 886 193 429 470 234 797 250 617 924 237 110 388 326 131 646 392 713 519 214 878 54 526 759 136 493 83 546 829 837 653 619 229 56 646 295 270 948 533 652 981 556 324 369 713 667 929 339 89 870 487 924 190 850 668 889 617 96 654 296 224 620 39 414
114 686 757 79 483 31 935 557 766 168 586 355 13 777 802 207 159 805 211 423 610 680 569 831 150 930 217 459 578 86 396 320 664 569 28 425 20 252 368 375 585 457 587 617 392 457 883 186 245 174 213 347 862 144 671 453 728 114 869 423 981 357 748 380 876 714 487 741 337 253 423 89 96 793 600 763 652 738 646 196 499 417 478 341 413 892 572 845 981 209 237 72 297 451 899 492 963 554 578 83
839 745 209 125 223 496 749 948 619 78 781 431 184 902 646 176 423 221 189 262 280 724 515 725 98 318 147 826 540 631 446 740 319 492 11 75 636 501 826 343 768 886 88 337 514 128 376 132 721 550 878 743 855 1000 481 342 161 348 692 700 401 320 710 618 834 720 940 645 608 490 881 533 898 806 401 975 237 976 112 704 194 792 296 272 938 692 528 434 137 940 505 971 431 409 316 874 25 235 385 560
579 678 50 374 623 881 972 12 498 479 527 127 819 683 901 100 784 996 965 596 214 801 919 130 188 95 687 174 453 73 521 901 470 836 310 81 975 100 641 532 478 89 406 770 767 762 189 154 48 428 905 79 650 212 837 181 248 899 389 880 792 134 682 187 792 945 238 3 241 103 626 406 450 529 92 151 408 706 144 643 973 363 728 749 567 674 187 852 729 292 708 374 6 163 800 639 813 818 229 750
492 274 27 591 640 331 280 906 347 820 444 320 862 539 800 405 15 288 825 514 537 326 513 595 157 797 954 310 188 797 718 128 173 982 824 602 155 140 171 51 528 327 32 564 994 156 987 787 52 812 61 605 657 994 280 164 506 834 643 643 57 429 290 420 795 346 211 160 29 279 435 244 346 983 972 981 714 240 524 180 76 221 973 476 605 446 40 844 289 37 447 576 434 310 768 826 532 219 847 482
281 713 747 637 894 722 755 93 747 812 444 365 133 205 216 376 353 36 781 444 145 514 245 695 754 992 509 680 132 797 670 282 540 597 894 274 245 903 327 292 929 640 753 292 284 447 530 97 752 408 639 903 950 628 17 446 698 748 632 663 845 177 790 874 493 9 949 955 154 252 397 197 384 106 950 578 283 424 830 357 357 112 934 271 729 795 292 4 322 459 548 303 888 134 144 258 722 304 446 101
236 957 698 725 481 442 358 747 368 11 213 843 369 668 580 496 434 53 544 456 257 877 164 724 611 734 197 765 439 838 599 710 380 8 648 876 84 447 856 393 554 195 573 64 944 879 729 867 625 726 165 744 916 412 177 963 530 656 477 740 597 377 989 987 902 715 74 6 729 132 238 134 211 356 949 910 888 208 514 779 567 755 131 856 79 462 55 163 77 83 976 682 774 754 261 125 311 775 583 927
55 22
7 54
28 10
