10 10
15 13 15 1 0 12 16 6 4 0
2 12 20 19 7 2 9 8 7 17
14 20 17 14 18 6 9 15 13 20
1 5 16 12 0 6 11 5 3 16
8 19 18 6 12 20 14 16 8 8
2 3 9 1 18 5 8 6 5 7
20 0 17 9 8 20 6 12 1 17
6 10 6 1 15 9 6 18 12 11
8 10 3 8 13 6 9 16 17 13
10 18 12 18 1 19 3 13 12 3
542 891 464 749 436 338 305 682 815 369
726 610 457 231 279 430 600 309 404 866
208 86 868 62 991 931 909 170 518 801
575 898 434 635 546 109 927 879 78 819
380 58 691 173 751 344 321 691 541 813
369 478 702 511 253 967 899 670 360 210
977 673 610 354 535 137 474 300 109 448
529 646 176 858 455 545 803 167 601 904
944 491 89 858 169 756 134 986 893 276
753 961 769 421 168 356 363 124 200 227
10 3
8 3
5 2
