90 90
1 19 18 5 11 4 13 16 2 0 19 7 16 18 17 5 17 0 6 1 6 3 19 19 7 1 2 5 4 6 17 10 3 1 15 4 3 18 14 1 14 2 2 10 3 4 15 1 11 13 4 2 5 9 9 9 10 11 1 18 19 9 12 8 3 14 12 6 11 2 6 2 17 16 9 8 4 5 0 19 8 3 2 4 6 6 8 3 6 3
6 7 3 13 6 7 17 19 4 0 13 8 3 6 5 0 14 7 11 20 20 11 6 9 16 9 10 12 19 14 13 3 3 2 17 17 15 6 16 9 10 15 6 3 1 17 5 13 9 14 17 8 3 0 6 7 10 13 16 14 20 0 19 20 17 4 16 15 12 6 19 20 2 6 10 0 19 9 2 2 18 8 13 18 17 3 6 8 9 10
5 5 5 14 0 20 15 6 6 20 7 12 11 2 1 15 5 4 18 0 10 1 2 4 3 14 10 11 6 18 10 10 8 14 19 11 15 7 4 19 20 20 17 8 19 8 15 14 6 8 19 16 7 9 6 5 10 1 4 17 5 3 6 14 18 4 10 9 18 1 1 7 10 9 2 16 15 5 5 10 12 11 17 17 7 11 4 15 20 11
4 6 18 6 4 1 15 2 5 5 18 10 16 2 3 2 0 0 20 13 2 2 10 3 18 20 6 5 17 0 14 8 11 20 0 15 10 9 12 12 20 1 7 10 4 16 20 13 6 4 14 2 10 0 10 0 12 19 2 2 7 14 2 12 11 20 10 8 6 12 16 17 8 15 18 14 13 9 0 11 20 20 13 14 13 3 15 8 16 3
2 10 18 0 7 18 12 5 13 9 6 18 4 2 9 11 1 20 14 15 6 0 0 17 15 1 7 11 10 10 16 20 6 9 4 13 15 11 3 19 15 10 8 3 11 1 2 16 10 8 1 2 6 11 16 12 3 16 11 5 3 20 6 10 1 16 14 14 15 5 11 4 15 19 12 16 1 6 3 15 4 13 0 13 6 6 6 18 5 4
9 16 16 11 19 20 20 6 6 9 2 20 8 6 17 18 8 10 11 3 2 13 19 3 15 5 15 4 3 0 17 16 12 8 5 14 10 14 12 4 6 12 4 20 13 14 17 14 16 9 5 5 20 3 0 6 3 15 19 12 19 13 9 1 5 7 15 20 4 17 18 17 5 15 18 7 8 20 5 8 15 18 14 7 17 11 11 10 4 10
20 18 1 13 0 20 18 20 20 18 15 7 13 10 2 5 20 20 13 4 5 0 7 1 1 19 17 20 17 8 11 4 15 0 17 16 7 5 13 13 1 2 17 12 2 7 20 2 6 13 4 17 4 2 11 19 11 16 13 8 14 12 14 14 13 5 10 20 18 6 12 5 8 10 8 18 12 14 13 5 12 17 15 15 4 9 4 8 16 16
16 0 7 16 2 13 2 4 13 0 17 13 4 11 18 1 3 6 11 10 17 13 7 18 19 11 15 12 7 3 5 18 11 20 13 12 14 5 12 20 0 7 19 12 11 4 0 20 10 11 18 0 15 12 3 7 4 20 10 11 8 11 9 11 14 17 12 10 10 6 15 7 7 6 13 11 1 17 0 10 6 6 5 12 10 3 4 11 3 12
2 10 10 14 14 9 16 3 12 2 10 4 7 8 2 14 11 15 18 2 19 20 14 13 20 0 6 18 20 5 20 13 8 2 8 13 10 0 14 3 8 8 12 10 18 5 2 8 18 20 0 17 12 18 13 10 18 3 13 12 18 12 7 17 20 4 1 15 19 10 3 16 19 16 19 6 14 16 10 2 3 16 5 5 12 10 3 14 12 10
2 3 14 12 16 3 4 11 18 6 7 3 5 5 19 19 10 20 20 15 11 12 12 20 15 3 0 17 18 0 11 7 15 9 0 14 7 15 15 19 20 15 8 15 14 16 18 17 13 1 4 5 5 1 1 11 16 13 7 20 0 9 11 1 16 19 1 19 5 0 15 1 19 4 2 16 15 19 7 11 1 16 17 4 7 0 13 11 17 15
9 19 19 1 10 14 20 19 9 13 0 3 2 7 11 14 2 8 3 9 20 9 18 0 1 15 18 2 2 11 8 17 6 8 5 9 16 10 3 20 4 10 6 8 2 12 1 1 5 5 10 6 8 5 17 0 6 7 5 10 2 3 6 10 4 20 11 13 5 8 7 9 13 14 2 5 10 14 6 16 8 15 12 14 18 0 19 1 6 20
11 17 9 10 12 12 0 9 8 2 19 19 1 10 7 6 2 3 13 9 6 18 2 3 14 16 6 20 4 0 15 6 0 20 12 11 17 19 18 20 11 2 16 0 0 17 10 5 4 18 16 15 10 17 18 19 0 13 17 15 20 13 14 5 11 3 7 8 15 16 14 20 13 19 14 4 17 3 15 4 7 8 6 8 8 5 11 17 16 6
4 10 11 3 13 20 20 17 8 5 17 8 19 17 6 16 13 12 5 13 13 13 3 10 7 7 11 13 15 5 19 14 10 20 14 7 19 3 14 20 4 2 4 4 4 1 15 9 4 13 4 7 14 10 17 0 11 0 9 13 7 17 4 1 15 4 13 8 2 8 1 13 18 2 10 7 8 11 2 13 9 2 5 16 5 4 6 20 19 18
13 1 4 4 13 11 3 8 4 2 13 8 20 7 3 19 2 8 5 0 20 20 4 20 2 13 16 7 18 9 4 1 3 12 8 17 20 3 17 12 17 15 8 10 8 20 15 3 2 12 20 2 15 13 14 17 16 2 13 6 4 18 7 16 9 10 16 20 18 4 5 15 12 12 17 16 1 7 6 14 6 20 12 8 12 13 17 18 19 7
9 18 0 12 13 9 18 15 20 2 11 19 10 18 11 7 15 18 3 11 18 9 10 18 2 4 14 8 10 0 6 10 1 10 16 9 19 17 16 4 10 1 11 14 18 5 16 9 16 20 19 14 19 4 2 5 16 15 18 10 0 13 7 16 0 6 14 11 14 9 2 11 5 5 0 4 0 19 13 4 17 4 13 6 5 5 13 16 2 8
4 20 10 0 17 18 2 12 9 2 17 19 4 7 1 19 18 18 12 19 6 17 12 4 11 0 8 13 7 4 4 8 2 20 16 14 0 0 16 12 0 18 9 17 3 11 13 4 10 7 10 4 3 7 20 6 16 20 4 1 9 14 7 1 12 14 1 9 18 11 13 16 18 4 9 20 16 19 16 1 13 1 10 3 12 2 1 9 2 12
19 2 14 2 6 10 6 5 17 11 10 7 15 4 16 14 17 11 11 4 8 12 2 12 3 11 11 4 2 5 14 8 16 18 5 9 3 8 16 5 2 5 10 0 4 15 15 15 14 5 7 12 17 8 11 20 11 7 13 10 6 17 3 16 8 3 7 8 0 2 1 13 5 8 11 8 17 10 16 20 5 2 12 8 18 8 1 16 9 12
5 8 15 18 20 11 9 3 18 1 17 6 5 10 5 20 0 5 7 0 10 18 9 13 16 9 9 7 5 13 3 10 18 11 9 0 3 16 18 2 9 9 5 7 0 3 7 2 11 16 12 14 11 15 19 3 9 12 13 12 12 9 16 14 2 4 11 3 3 0 5 3 17 3 13 15 13 7 11 15 8 2 17 19 16 11 14 3 1 16
7 13 6 14 2 18 19 7 18 14 9 20 20 20 17 2 11 2 0 12 10 20 16 7 10 18 6 1 15 5 0 7 16 8 6 3 0 8 13 12 13 15 16 20 10 14 19 3 20 17 19 11 2 7 4 13 6 8 18 0 12 13 15 20 8 11 8 16 1 10 19 7 17 2 2 1 0 16 7 4 20 7 12 15 9 18 4 11 9 19
9 9 13 17 12 11 20 19 3 20 1 0 13 19 19 0 7 20 5 9 5 9 0 6 3 15 17 12 20 8 6 0 19 8 2 4 9 11 10 19 3 6 11 3 5 18 19 4 15 3 11 20 16 16 13 19 8 12 6 2 8 18 13 20 15 15 12 14 16 20 0 4 17 6 3 9 12 3 11 0 13 9 1 18 6 4 5 17 4 20
16 7 8 19 9 12 6 1 5 16 2 15 13 11 11 3 20 15 19 3 12 7 20 2 18 18 15 12 10 12 16 6 15 3 0 10 12 16 13 12 11 3 4 0 3 11 17 3 14 15 7 1 8 18 6 10 1 8 6 11 3 5 6 7 18 10 15 12 4 2 4 13 12 11 4 4 7 14 19 20 10 11 8 13 3 3 4 18 17 5
13 16 8 19 6 3 1 15 11 12 13 17 2 2 11 5 17 3 20 10 19 13 20 18 5 17 20 20 2 13 12 18 20 15 3 18 6 16 7 18 3 13 9 3 5 0 12 3 14 13 9 6 10 18 18 15 1 4 2 4 3 13 16 19 13 12 12 17 6 18 11 0 2 7 17 13 17 15 9 15 1 17 3 10 20 12 11 2 8 6
11 15 4 11 19 8 19 3 10 17 8 6 0 10 15 3 0 7 20 1 10 5 0 19 19 2 5 19 15 0 16 11 4 20 6 13 10 2 11 18 4 6 18 3 4 14 2 15 10 9 16 8 16 14 17 10 12 11 0 9 7 2 13 18 2 11 4 19 16 6 14 16 8 1 1 7 7 7 15 4 15 16 4 16 18 16 10 4 7 11
19 15 9 10 4 1 1 7 20 4 3 6 20 17 13 6 0 11 3 16 8 8 20 8 1 18 8 16 11 8 12 3 11 17 12 13 2 7 17 15 0 20 20 2 15 0 14 9 20 0 0 16 12 5 4 17 11 9 14 14 19 14 16 3 19 12 20 0 10 13 16 7 11 4 5 10 6 4 7 16 11 9 5 6 16 18 14 13 15 9
0 14 6 17 2 5 1 9 10 18 12 8 4 3 17 12 11 0 20 3 15 15 16 4 16 4 11 2 2 7 16 4 19 0 18 9 12 7 7 8 5 19 6 3 13 13 17 14 16 20 6 16 7 6 5 5 3 3 4 9 12 13 2 14 19 7 17 16 7 14 10 12 17 7 0 6 11 1 4 3 16 1 4 4 20 4 19 4 12 11
10 16 3 16 14 2 15 10 19 0 20 2 12 6 9 1 19 1 19 20 4 14 5 0 14 15 8 11 1 19 14 12 5 2 14 20 18 20 20 15 18 15 18 18 4 8 3 14 1 5 4 10 4 3 8 9 13 17 14 6 4 6 13 7 2 10 3 16 20 10 4 20 6 18 17 11 17 8 8 20 4 8 0 12 4 10 11 16 12 14
6 12 15 19 7 1 1 7 15 1 0 19 12 13 15 5 3 17 13 14 9 10 20 3 20 14 11 3 9 6 13 3 5 2 19 15 8 15 2 5 8 16 9 19 16 0 1 5 3 8 19 1 7 14 11 12 9 2 7 7 8 12 14 20 14 17 1 9 7 13 17 14 17 6 2 15 1 16 10 7 19 12 2 18 16 6 18 0 16 10
2 11 7 12 3 18 5 17 20 19 19 0 5 8 8 6 7 9 19 7 15 15 13 3 3 12 11 11 6 20 3 6 10 7 17 9 16 8 10 9 8 12 0 13 6 13 10 2 1 5 11 18 16 15 1 8 9 16 2 2 7 15 10 14 8 14 19 12 7 5 2 3 13 3 5 11 9 11 17 18 0 10 6 4 7 6 20 7 0 10
7 6 18 9 20 7 14 3 18 14 20 11 6 10 9 12 8 12 15 15 14 14 1 9 12 5 18 10 15 4 11 2 4 18 12 17 10 9 8 19 14 13 6 15 4 3 4 12 12 2 19 13 6 16 4 1 7 3 9 7 17 11 1 2 17 13 7 6 13 0 5 14 14 15 13 4 0 5 11 8 5 8 4 12 20 3 18 8 6 10
20 14 9 12 1 8 0 13 7 6 4 6 1 19 3 7 8 20 12 7 5 19 13 16 12 8 13 15 11 17 18 16 18 3 14 11 5 1 5 10 18 17 9 18 1 4 10 19 0 19 7 9 9 6 10 7 5 11 9 20 7 8 0 5 6 13 6 0 11 5 7 9 15 4 17 8 4 9 15 11 4 12 11 5 13 10 13 12 4 14
19 9 1 10 12 6 3 19 4 13 0 11 17 17 14 11 2 0 0 8 0 4 12 10 4 9 2 5 8 9 12 5 2 18 0 0 15 10 3 3 20 19 11 5 15 18 2 18 7 8 4 4 12 5 3 15 7 1 2 10 17 13 17 11 3 8 11 0 15 16 0 3 13 7 14 14 14 14 15 7 11 14 6 5 12 17 3 18 12 16
16 15 2 8 19 4 16 20 6 0 5 18 15 2 5 10 14 12 9 1 5 17 0 7 8 7 17 0 12 20 14 18 11 6 3 9 15 11 5 8 7 19 5 2 15 18 8 15 17 1 8 16 4 1 18 18 13 10 0 6 3 3 3 11 16 7 1 19 12 4 19 17 20 7 13 18 3 3 2 3 12 19 9 11 0 5 19 3 6 14
18 0 2 1 13 10 0 10 12 6 20 6 4 1 0 17 20 10 0 20 8 10 13 5 2 9 9 8 13 9 3 16 19 9 19 18 7 6 14 6 16 6 5 16 15 5 20 1 20 17 5 1 12 4 17 5 15 14 14 19 7 14 3 5 7 3 9 14 10 6 4 1 10 7 0 19 3 1 6 20 11 1 14 20 10 3 17 9 18 11
6 8 13 17 3 3 6 15 7 6 16 18 20 2 0 1 0 17 15 0 1 17 18 4 1 19 8 7 6 15 18 19 11 16 16 8 9 5 15 19 0 5 18 19 10 8 3 6 20 12 6 18 11 1 2 15 18 4 6 1 8 0 4 13 19 11 3 15 8 1 18 3 10 20 11 0 3 11 6 10 19 3 12 1 4 0 1 0 13 14
16 19 5 7 2 5 15 12 2 13 20 10 1 16 19 5 14 18 11 18 6 7 0 17 18 12 18 11 6 19 4 7 14 18 14 14 4 13 6 5 6 19 18 0 1 10 2 5 15 9 12 5 7 1 10 0 8 6 18 14 6 8 3 17 10 1 13 13 9 0 0 16 18 16 5 13 8 10 8 10 20 20 20 11 9 9 4 7 15 2
19 17 17 7 4 6 0 4 13 8 10 11 18 17 14 0 11 3 16 6 0 7 19 19 19 8 14 18 6 12 3 18 0 14 0 13 17 17 6 10 9 13 3 13 9 19 4 10 16 15 18 11 1 17 5 18 0 12 20 1 1 20 17 1 11 7 6 12 17 10 5 0 1 7 9 0 17 13 10 7 12 10 18 13 12 13 3 18 4 12
17 8 4 5 14 2 20 18 4 19 6 18 17 3 3 6 6 10 14 5 4 14 17 4 10 13 19 15 6 1 0 5 5 12 2 3 11 2 8 15 6 4 19 15 4 17 8 15 5 9 5 9 5 6 17 20 2 13 13 19 17 1 10 13 1 5 2 6 7 2 17 15 10 10 16 10 1 14 19 3 2 19 15 14 2 7 0 18 1 18
10 19 11 6 18 11 1 10 15 2 17 16 6 7 6 7 9 19 6 6 15 0 8 16 18 16 20 15 4 16 13 7 2 14 12 4 8 8 7 19 4 1 4 19 9 3 6 4 3 4 7 9 16 4 6 10 4 1 2 5 6 4 16 1 17 11 8 20 0 6 3 1 0 0 16 19 16 6 0 20 17 10 3 5 9 7 4 1 19 11
9 17 11 9 7 17 19 11 8 19 14 6 16 14 4 7 18 10 5 13 10 11 19 10 16 5 18 1 1 16 5 3 20 20 15 15 11 16 2 18 15 11 4 10 18 9 9 13 13 18 14 1 14 14 10 14 19 9 14 18 1 2 15 6 10 14 1 18 2 5 15 19 12 17 15 14 0 18 4 0 4 7 19 19 20 7 1 16 2 4
10 14 5 19 13 17 9 2 3 16 1 8 9 4 18 11 16 12 0 17 11 11 11 19 4 7 15 2 18 9 3 1 17 16 14 7 16 1 9 16 6 6 7 20 3 18 18 11 11 15 19 13 8 1 17 8 14 2 11 16 19 12 14 10 16 6 3 7 19 10 8 10 2 14 13 16 8 0 6 16 19 17 7 1 20 3 1 7 7 6
5 6 14 17 20 7 4 12 17 13 20 11 19 7 8 5 18 0 7 11 18 7 12 14 6 16 16 4 6 11 15 3 4 5 6 14 5 8 17 0 6 2 4 14 16 18 1 8 7 16 5 16 7 14 1 1 0 16 15 12 4 10 12 19 20 17 14 4 17 4 4 2 8 20 0 20 18 16 11 12 0 18 9 12 17 3 19 0 12 0
6 8 8 12 4 2 10 18 17 2 17 16 12 10 12 14 3 4 20 13 19 14 4 1 5 18 2 18 11 17 11 12 14 9 3 2 8 10 6 6 9 17 8 11 17 6 17 8 14 4 15 10 5 2 12 8 12 6 14 20 12 2 18 13 13 14 6 12 14 11 17 12 12 12 14 14 12 6 7 10 6 7 16 15 16 9 3 7 2 7
18 4 14 13 3 12 12 12 13 2 4 11 10 3 16 3 1 10 18 14 17 19 14 11 13 4 18 6 5 15 4 9 2 2 6 14 12 4 7 1 16 0 14 14 15 6 1 10 6 11 1 0 16 3 14 20 10 5 1 4 6 3 5 3 14 12 17 11 2 9 13 19 12 20 3 19 8 0 16 8 4 4 16 3 5 11 10 7 4 1
6 8 2 9 10 14 4 1 16 18 13 9 1 15 19 5 3 1 12 12 0 4 6 1 14 10 16 15 4 11 18 4 16 20 0 8 0 13 19 9 10 8 7 14 2 9 19 5 6 4 5 2 5 8 1 19 0 12 3 16 9 8 4 6 12 12 14 10 2 17 2 11 16 20 0 2 17 17 10 5 15 5 17 11 12 16 17 13 9 5
16 6 15 12 16 3 11 3 0 16 16 12 15 5 2 8 4 18 6 17 7 12 7 1 17 9 13 8 0 7 0 20 13 7 8 3 10 8 4 15 18 8 6 15 11 10 18 5 20 4 11 4 7 17 3 9 20 3 3 4 6 9 2 9 7 10 6 0 12 19 2 17 12 20 6 8 9 6 6 20 9 10 14 9 11 0 1 12 18 16
13 7 9 16 13 11 19 15 20 14 7 16 13 19 18 20 0 8 2 2 15 9 5 7 8 20 15 15 3 18 1 1 16 15 2 5 1 20 19 16 4 13 17 3 16 1 1 3 16 5 14 0 15 9 15 4 20 0 2 7 4 10 14 15 5 8 19 1 0 5 6 16 5 16 18 20 19 9 5 0 7 8 13 9 17 2 20 10 9 0
19 13 17 8 13 0 19 17 8 12 9 19 10 0 14 13 3 6 4 10 8 3 17 16 6 12 6 11 6 16 6 5 9 20 1 8 11 0 2 16 20 3 7 8 6 11 6 11 7 20 12 3 19 17 16 14 11 8 9 15 2 9 4 5 18 10 16 0 6 6 7 0 15 17 6 2 12 6 16 0 6 7 15 16 3 16 12 18 16 3
11 17 9 6 3 16 6 15 16 10 5 18 19 9 20 7 7 12 6 6 11 9 20 20 1 3 2 8 17 1 14 6 7 6 11 17 8 15 0 1 10 9 9 0 4 3 4 19 1 8 1 16 1 15 19 8 17 1 5 2 6 1 15 0 19 1 13 7 19 12 2 15 4 15 1 0 8 11 11 10 0 13 2 4 14 20 16 6 6 7
13 9 10 9 18 7 19 12 12 4 12 11 13 2 18 14 19 2 0 18 8 6 11 1 7 2 2 7 20 1 8 5 20 5 14 9 5 14 6 2 0 2 10 14 18 8 6 16 0 0 5 19 2 10 16 0 13 5 0 13 5 14 19 10 8 14 19 13 7 14 10 19 15 13 12 9 1 3 17 9 10 13 16 13 16 4 1 20 15 8
5 13 3 3 14 8 7 16 0 15 11 20 18 0 2 13 19 3 7 6 17 3 3 9 3 10 14 1 7 8 1 19 12 3 7 10 0 13 11 17 17 0 8 1 3 8 5 1 2 16 1 6 11 9 2 6 2 7 15 6 5 4 9 14 9 20 9 5 2 13 6 9 2 11 5 13 12 7 17 0 9 15 18 2 14 18 8 17 14 19
11 2 16 14 11 12 15 19 12 6 9 12 6 5 7 0 9 9 5 7 17 0 4 10 6 8 18 9 0 15 0 9 20 17 18 13 5 18 16 16 7 7 16 9 4 17 6 10 13 9 13 9 3 6 10 3 10 6 3 17 17 1 12 10 20 3 12 14 6 11 13 20 4 13 18 16 17 0 19 7 19 2 7 19 2 10 10 3 4 12
4 19 0 13 6 7 7 3 17 11 3 1 10 9 20 4 8 15 7 1 8 11 8 2 7 7 12 20 5 5 11 18 8 15 7 3 7 6 13 0 5 7 10 19 12 2 0 18 14 1 7 10 7 20 8 2 16 11 2 16 17 0 6 13 2 9 13 12 4 8 11 9 12 0 3 4 17 19 6 17 7 7 10 15 9 0 14 13 16 2
2 15 1 16 12 3 13 0 14 15 2 15 2 2 9 12 18 10 2 15 2 11 17 2 2 1 6 13 7 19 13 8 17 3 6 3 8 7 19 7 20 6 5 20 20 16 15 2 20 14 5 9 7 1 18 6 5 19 2 19 11 19 0 19 7 16 9 15 14 20 13 15 15 14 11 17 15 19 17 5 6 5 17 20 10 13 18 19 7 20
4 10 4 13 16 10 14 8 13 12 3 1 2 8 17 20 16 13 0 2 6 8 13 0 20 18 13 8 19 20 0 0 18 12 9 8 8 15 17 11 18 11 20 2 16 11 10 3 5 6 12 1 13 7 2 12 0 14 6 9 19 0 1 0 0 19 7 3 10 20 18 15 5 13 18 18 6 16 18 7 9 10 13 13 19 11 2 2 17 18
6 9 0 1 14 11 6 15 9 10 4 10 2 12 20 11 19 16 12 11 3 7 1 18 4 8 19 16 1 16 13 9 5 14 8 11 12 4 1 11 12 14 5 7 1 7 8 18 19 4 14 19 6 1 17 10 2 1 9 15 12 10 5 19 16 11 19 16 8 15 16 12 8 17 6 10 8 1 12 0 16 12 7 7 17 7 10 5 14 4
5 5 3 2 19 15 5 9 16 19 2 2 8 0 14 2 19 13 10 2 1 14 4 16 12 4 10 9 14 14 10 2 9 9 12 9 4 18 19 13 19 13 19 4 10 18 14 16 15 18 11 7 8 7 15 8 11 0 6 7 16 5 4 3 6 11 6 0 20 5 19 18 10 15 16 3 12 7 1 6 2 8 15 9 11 14 19 9 7 13
13 14 20 16 12 2 8 0 10 17 12 7 9 10 10 16 1 5 9 20 12 2 7 4 8 2 2 15 19 1 2 1 8 20 20 11 20 2 14 20 10 9 8 2 3 9 4 7 10 7 3 7 1 3 6 1 0 4 6 15 0 3 13 7 1 17 16 1 20 10 0 17 3 3 5 6 7 10 14 4 18 2 19 1 16 5 16 5 0 19
20 20 20 0 4 17 8 12 6 5 10 10 19 5 1 12 12 5 3 10 11 12 11 17 19 8 15 17 14 12 18 13 7 1 8 13 0 19 19 4 16 18 16 1 17 16 12 1 16 0 17 12 7 11 17 20 16 12 20 12 20 7 6 9 0 14 13 17 12 1 8 8 19 4 8 12 12 10 3 3 10 14 16 0 10 16 10 14 8 8
7 4 0 0 15 14 15 6 15 7 1 6 3 13 9 11 10 13 9 7 12 6 8 2 5 18 11 17 16 10 1 5 16 0 11 18 10 13 9 11 17 13 13 1 1 10 20 7 14 14 16 15 12 7 14 6 4 8 16 11 10 5 7 15 8 20 0 14 3 4 12 7 3 9 11 17 3 7 17 20 0 17 6 18 4 15 8 8 3 2
9 0 12 11 7 2 5 1 15 5 17 16 13 6 18 14 12 18 18 16 18 16 13 14 14 12 4 20 7 16 10 10 9 7 6 6 14 11 4 11 8 11 7 7 9 20 14 20 13 11 12 16 19 13 12 6 7 20 16 15 17 15 12 9 19 11 12 16 1 1 12 8 15 1 7 15 7 8 13 16 12 11 8 5 3 14 18 12 3 10
7 8 13 16 7 19 7 5 10 19 6 10 15 17 18 4 3 7 20 18 20 0 9 4 12 6 13 3 5 14 13 11 16 16 2 0 5 15 9 19 18 16 5 20 13 0 11 3 8 1 11 11 20 3 17 3 16 17 7 13 5 17 7 16 3 13 13 4 1 1 17 5 2 11 13 17 16 0 10 8 9 3 5 15 6 12 1 13 5 0
17 15 6 1 3 2 16 11 3 19 6 6 15 9 5 10 20 8 1 5 17 13 15 19 2 11 12 2 4 15 16 20 14 16 12 8 11 16 2 7 2 1 12 14 1 8 12 6 17 4 14 3 0 2 7 2 16 1 20 14 1 16 1 0 8 8 6 4 6 2 2 13 4 5 5 8 10 4 20 6 13 20 8 10 15 13 5 11 5 5
0 0 7 2 20 11 9 10 11 13 7 17 8 8 14 19 18 4 4 0 15 5 14 7 0 18 2 7 10 10 17 8 4 16 4 10 20 3 19 14 17 10 17 1 1 9 7 12 12 11 2 7 0 18 9 18 20 13 15 2 18 8 14 1 1 18 14 5 5 10 19 17 12 3 19 4 8 9 7 20 7 0 20 16 9 3 6 12 14 17
6 17 11 8 20 20 3 20 6 18 10 14 4 15 3 6 11 18 18 20 6 17 5 15 4 1 7 9 2 12 20 17 11 7 8 19 5 1 19 3 9 18 17 14 11 7 4 10 9 17 10 9 14 17 12 18 19 5 11 11 4 18 5 20 19 20 13 9 12 12 20 4 11 17 19 4 11 18 17 1 13 4 9 11 12 17 14 8 7 8
7 11 5 10 0 12 10 10 12 0 1 6 14 11 8 16 11 2 18 6 16 19 4 16 20 11 8 4 17 17 17 6 5 13 0 18 18 20 17 20 20 17 1 9 9 2 12 10 2 2 12 0 9 9 13 12 18 6 17 16 19 16 18 2 10 17 18 1 16 18 1 2 3 5 13 15 0 4 2 7 20 5 19 6 18 11 10 13 5 15
9 19 8 12 9 13 4 10 7 3 18 15 19 12 18 1 18 11 13 8 20 4 7 6 5 18 2 11 9 6 16 1 0 19 8 18 2 12 14 18 12 15 14 13 18 11 19 2 5 10 5 19 11 11 5 3 12 19 6 19 1 18 16 8 13 14 11 13 16 3 1 2 12 1 16 1 7 8 8 20 19 13 4 12 19 1 10 9 11 19
6 15 0 16 7 6 14 4 10 3 1 15 2 1 5 9 19 5 13 3 7 10 8 4 13 14 15 14 8 17 19 15 2 5 19 2 14 17 1 7 1 14 17 12 10 6 10 7 11 15 3 20 18 19 20 10 1 2 2 3 8 13 18 1 10 3 7 6 7 5 4 4 4 18 14 17 2 1 8 20 11 20 10 9 8 17 12 10 11 6
8 7 8 5 1 5 17 6 12 12 18 8 0 5 19 4 3 1 2 4 9 12 11 2 1 10 16 19 1 7 17 15 12 17 9 1 7 0 6 14 6 16 8 8 11 10 1 8 7 8 17 20 2 2 13 12 15 13 5 13 12 9 12 4 16 0 15 15 13 2 14 17 14 20 7 10 2 15 0 10 13 14 17 4 15 0 19 17 17 13
18 4 15 9 6 19 16 4 17 16 20 7 9 3 15 18 0 20 0 0 10 18 20 0 17 9 0 1 20 6 16 15 1 0 2 7 8 5 10 18 0 18 5 5 9 14 17 0 8 7 19 15 1 0 20 12 5 12 6 2 1 8 8 13 20 1 13 6 13 17 14 12 4 3 11 13 2 5 13 7 8 5 4 14 0 6 18 13 17 16
2 5 18 16 0 15 0 0 16 0 14 10 15 13 11 9 18 11 12 6 12 6 12 15 10 14 1 5 18 11 17 17 14 20 19 5 14 18 20 2 3 17 17 16 6 17 14 16 3 12 19 7 15 10 1 8 8 19 0 11 20 20 18 1 0 20 9 4 8 4 1 20 10 16 12 12 6 5 16 7 10 1 8 0 20 15 10 16 16 3
5 10 5 16 12 14 13 5 3 13 6 8 9 10 17 10 18 6 7 0 20 10 17 11 15 13 16 19 14 20 18 4 3 1 0 10 12 16 19 7 19 18 14 4 1 2 14 16 3 10 19 8 12 20 18 18 2 2 12 3 17 7 2 11 10 10 1 2 12 0 17 12 9 19 2 19 15 8 3 6 16 14 1 8 7 15 11 4 13 5
10 1 10 9 5 19 8 16 3 18 7 17 1 12 5 20 9 16 5 0 6 11 11 12 13 15 4 16 15 16 16 6 10 13 12 12 15 16 12 19 14 0 10 6 10 8 7 16 4 16 10 4 4 11 16 19 7 10 9 20 20 20 20 4 4 9 5 7 9 4 6 2 1 2 5 10 3 18 8 19 4 16 16 20 18 16 20 5 9 10
4 3 8 10 16 13 4 7 16 6 12 11 19 8 16 20 6 8 11 5 10 17 18 16 1 14 15 6 3 16 7 0 0 14 13 7 10 19 18 10 13 20 20 15 4 11 4 1 11 15 7 13 15 12 13 5 7 13 5 8 16 10 1 6 1 4 12 0 13 14 6 15 12 5 13 6 10 1 1 18 20 4 20 0 18 7 14 3 3 11
0 19 6 3 17 15 9 18 2 17 18 5 2 15 5 15 2 13 16 15 6 15 0 6 2 13 10 14 7 1 16 20 2 2 12 4 3 20 13 19 12 19 5 13 10 12 19 6 9 15 0 13 14 12 20 18 19 7 10 6 13 1 0 7 12 11 17 18 20 12 14 17 4 20 6 18 17 7 14 1 13 8 4 20 19 4 7 11 14 18
17 16 14 10 2 16 7 12 12 20 20 8 6 10 19 15 19 18 12 2 5 1 6 12 20 8 5 15 6 6 3 0 7 3 14 20 18 20 1 8 7 16 19 9 5 17 5 1 6 12 9 13 1 3 10 11 19 8 20 19 17 0 5 6 9 1 9 11 13 5 10 0 6 8 19 17 18 10 11 4 0 13 18 17 11 10 15 15 0 3
15 7 19 4 1 7 2 0 1 6 11 16 2 9 6 2 7 7 6 5 15 2 14 5 12 4 6 10 8 2 2 8 16 1 18 20 19 11 10 10 17 7 16 16 11 17 3 18 1 18 20 19 8 18 4 15 20 2 0 8 13 5 14 12 19 6 12 15 8 4 15 17 7 19 4 1 17 14 2 9 14 5 2 13 4 13 0 2 0 9
8 12 11 17 11 18 12 5 10 9 10 0 12 15 13 15 20 16 13 9 9 8 10 16 9 13 8 17 6 2 15 15 0 16 12 16 19 19 14 11 15 18 15 2 18 14 14 10 20 12 4 1 16 7 18 17 8 20 16 19 14 3 10 4 13 13 14 5 18 11 7 17 15 2 8 8 3 16 16 3 0 9 6 3 3 1 19 17 20 2
3 5 0 12 19 8 13 12 17 12 12 9 19 15 9 6 2 15 8 19 9 9 18 20 19 4 19 4 9 5 12 4 14 15 14 3 17 8 8 15 2 8 15 11 7 7 18 2 1 13 2 13 12 6 9 6 15 11 16 7 17 15 11 18 1 15 1 9 11 7 7 20 12 9 12 2 11 16 15 17 8 11 4 18 8 0 18 3 6 10
13 9 1 0 0 3 1 19 16 5 14 11 17 13 20 3 9 15 11 11 12 11 19 2 18 14 12 14 2 6 16 4 12 19 12 13 17 16 17 7 0 2 19 3 6 7 16 1 20 4 14 5 10 5 5 2 2 1 4 13 13 5 5 17 15 5 11 5 18 15 1 16 11 8 17 10 10 10 0 1 14 0 13 2 18 15 4 17 6 1
6 14 9 7 16 2 3 8 16 5 10 20 13 0 11 5 14 2 14 17 18 12 11 14 5 0 3 0 15 3 1 17 5 15 11 4 11 2 15 9 10 6 2 6 19 16 16 17 15 3 8 8 19 13 8 19 8 10 1 6 13 20 16 0 14 6 7 5 20 0 19 5 6 20 11 6 19 18 18 20 18 8 6 4 18 14 2 20 9 4
14 17 2 10 10 6 6 16 17 11 8 15 3 17 17 12 3 12 15 10 15 19 5 11 4 14 3 9 18 13 6 9 20 5 13 11 16 16 9 14 17 18 8 20 16 5 18 4 11 14 8 7 15 4 18 15 6 10 3 9 15 4 19 19 6 1 12 9 8 19 4 12 8 15 17 0 19 7 18 0 19 18 2 1 7 12 13 18 1 17
15 20 0 20 5 19 11 6 10 4 3 12 3 11 9 4 19 0 11 18 13 0 4 8 14 5 1 3 20 18 2 20 9 5 2 15 7 20 4 11 9 5 9 1 0 16 4 3 20 2 4 5 20 16 12 10 13 20 10 10 0 6 14 9 7 1 2 5 0 15 16 17 14 4 15 13 5 3 6 3 10 7 1 17 16 5 7 15 15 12
20 0 19 15 13 1 12 19 7 11 17 7 13 12 14 17 1 16 12 19 17 8 6 20 2 8 5 6 4 13 18 5 10 3 8 16 6 9 20 15 9 11 4 6 6 12 1 16 14 19 9 8 12 13 18 8 15 15 9 15 18 2 11 16 10 1 18 16 10 12 6 12 17 20 14 2 13 1 5 5 17 19 14 13 4 10 6 15 3 8
3 18 10 3 3 20 11 14 6 13 4 7 6 16 11 4 19 15 19 3 18 0 10 15 19 3 13 20 17 18 13 19 20 0 4 9 14 11 0 7 7 13 19 11 13 1 10 8 13 6 1 0 0 10 16 4 16 1 9 8 9 8 8 4 7 8 18 2 16 11 0 0 13 18 15 4 5 8 6 12 10 12 17 20 14 18 20 8 19 1
18 13 12 15 3 3 13 7 3 16 2 19 12 19 0 15 7 0 6 8 20 19 14 10 7 3 13 1 16 11 15 17 1 11 14 6 11 3 2 5 8 15 13 20 13 1 10 19 1 7 4 6 14 20 11 18 13 0 17 0 11 19 14 7 3 0 16 17 5 0 15 10 0 0 17 16 12 16 7 1 13 13 15 6 8 13 13 17 14 3
9 15 14 20 3 8 14 16 15 14 19 18 14 8 14 10 1 7 0 3 4 10 17 0 4 16 11 5 2 5 19 19 11 0 12 14 10 16 4 19 19 15 7 3 11 16 5 11 12 10 17 10 17 5 16 9 13 3 11 19 4 12 14 19 6 10 19 15 9 3 6 14 3 10 3 12 1 6 17 1 12 14 3 19 2 6 10 3 16 18
4 5 16 14 7 19 4 15 19 4 12 11 8 1 14 17 19 12 16 18 14 7 0 4 5 0 11 11 1 14 9 17 10 9 18 10 8 12 3 19 3 19 4 19 14 13 15 6 17 2 3 4 9 0 9 20 10 18 16 20 8 0 15 12 7 19 8 15 6 8 11 4 0 14 13 16 15 16 7 6 9 14 6 4 2 1 20 1 13 0
0 16 0 0 19 7 3 9 8 18 20 4 17 9 13 13 0 10 5 13 15 14 5 5 6 1 0 13 16 4 2 14 4 3 19 5 19 11 5 0 18 14 8 10 9 7 14 6 14 9 9 7 8 1 2 12 10 1 5 19 4 1 8 16 12 15 4 4 20 8 5 3 1 19 19 9 14 7 19 9 8 14 11 3 9 15 12 10 7 8
4 0 0 18 14 9 18 12 9 20 6 10 0 8 2 0 6 17 1 5 3 11 5 10 6 9 0 1 10 0 2 5 20 7 12 11 3 7 19 6 17 0 10 16 20 12 15 7 16 18 7 0 18 15 9 15 6 0 15 11 20 4 9 13 19 13 17 1 11 10 7 4 7 12 6 2 4 3 14 4 10 11 6 2 2 11 14 3 16 11
18 0 15 12 13 4 19 8 11 5 3 6 8 8 1 18 4 0 11 5 11 7 6 10 14 14 0 14 5 4 2 12 2 1 14 16 4 18 16 20 10 15 10 8 9 17 0 3 18 9 1 19 16 13 7 20 1 4 19 8 2 15 8 11 0 18 16 1 19 14 16 2 2 12 3 9 13 7 7 0 16 17 13 6 3 2 14 13 6 18
248 702 49 364 207 111 424 485 646 542 322 159 721 227 134 736 186 172 995 142 504 887 168 493 919 468 726 379 607 688 38 93 560 489 112 517 650 998 912 261 752 141 521 450 750 142 381 22 699 740 554 738 990 317 636 167 237 109 880 871 716 156 409 245 779 384 272 102 649 412 901 390 906 104 494 346 595 637 136 662 870 256 854 612 708 622 876 785 732 457
848 867 543 961 91 506 204 949 735 15 140 129 94 96 244 617 511 468 318 794 178 979 542 196 84 769 431 696 97 26 321 29 118 478 93 610 821 665 92 542 203 255 206 96 429 541 264 287 126 805 408 848 104 480 466 489 499 540 507 997 909 537 574 19 166 211 186 648 844 137 426 296 372 583 228 858 114 982 48 324 980 843 439 482 525 676 949 66 166 754
949 781 513 600 192 232 570 683 621 522 815 529 460 54 546 758 551 572 126 188 768 880 161 404 153 421 19 712 938 378 21 651 847 372 989 747 125 980 979 107 9 561 445 708 874 547 497 489 937 88 687 454 919 249 395 638 562 666 462 364 272 990 342 915 57 239 638 998 737 318 255 592 885 866 970 545 982 138 453 712 629 68 51 967 289 584 855 410 880 57
548 67 967 742 999 910 595 182 16 79 763 469 920 75 246 718 446 280 543 841 764 91 904 711 721 523 567 927 495 427 175 908 186 192 82 595 432 815 559 387 914 791 440 73 987 453 165 901 749 435 571 192 46 134 954 771 922 794 929 961 653 356 780 886 997 327 274 144 278 352 721 631 422 485 842 308 127 905 649 93 45 968 379 150 84 70 398 702 68 727
194 708 606 28 175 204 593 738 863 602 193 119 132 169 809 572 141 288 33 834 604 327 905 600 566 844 765 111 458 468 796 824 839 542 727 771 818 503 678 764 465 831 744 89 903 22 857 240 834 713 677 822 653 454 44 248 639 382 191 7 658 124 261 40 645 612 24 651 766 249 972 130 241 911 25 939 182 691 346 20 229 174 827 373 685 68 752 95 384 479
361 619 623 75 624 389 369 783 898 309 970 790 120 251 702 104 371 388 2 26 140 449 912 210 727 419 198 451 209 31 269 311 398 934 702 72 563 48 149 68 955 533 172 358 98 777 337 219 497 556 872 642 155 792 520 493 374 823 606 106 924 999 377 623 981 392 683 71 488 77 183 217 605 857 990 733 452 65 24 481 379 79 771 58 474 632 11 531 802 911
203 505 584 313 348 633 633 263 643 586 761 413 361 858 909 924 73 352 441 84 808 610 103 817 564 82 196 954 93 254 985 124 492 237 455 449 680 783 417 857 983 207 870 918 28 19 780 34 319 436 373 332 372 9 937 100 340 415 914 587 916 938 223 47 906 767 425 413 867 938 84 103 815 184 299 669 386 666 289 882 569 430 180 134 653 639 846 184 322 431
42 818 538 611 653 711 828 894 515 323 707 25 741 62 630 437 912 842 161 674 169 667 137 693 446 686 251 92 161 961 980 72 32 495 10 277 352 24 986 901 784 130 104 875 157 22 40 946 490 20 975 210 311 485 8 89 49 434 26 743 473 812 482 549 555 386 683 177 399 163 15 595 742 600 229 270 268 636 110 305 750 180 535 985 902 969 973 585 432 189
483 14 786 757 193 788 570 44 66 103 966 699 132 475 199 984 883 723 49 880 264 84 613 612 564 722 337 539 993 877 790 171 61 881 189 206 416 821 220 452 699 484 311 433 764 475 1 733 492 359 999 989 552 469 886 748 17 561 817 358 996 169 206 791 939 431 878 471 108 573 543 662 917 929 654 893 220 608 21 309 500 264 79 484 220 285 6 574 382 127
652 164 310 745 876 741 9 390 468 903 295 381 835 35 725 704 716 145 107 728 544 374 941 177 93 101 401 574 701 919 358 39 765 632 185 850 498 820 381 730 535 71 762 53 705 944 390 150 498 988 272 92 729 227 437 517 487 701 277 790 921 596 9 38 975 227 971 969 789 666 664 120 153 759 297 303 704 560 129 230 705 697 409 792 584 220 55 579 835 581
552 135 867 382 710 41 698 874 419 586 273 651 360 73 142 473 371 291 774 210 855 842 535 510 312 577 26 638 364 737 262 888 250 138 547 117 434 174 345 619 599 503 271 536 375 224 516 129 910 15 277 636 22 169 922 90 580 13 718 425 659 104 612 625 350 919 63 444 78 887 445 880 991 639 215 394 667 580 367 133 996 655 314 317 26 493 585 91 969 968
753 182 58 145 841 207 73 708 615 759 296 724 179 84 678 638 123 132 838 360 816 66 944 145 993 990 800 31 255 621 806 227 400 418 672 633 578 643 359 45 817 772 126 750 792 863 612 754 479 596 233 930 982 17 509 396 556 134 419 685 904 665 615 58 462 558 246 218 44 160 382 723 173 288 811 721 410 116 79 48 81 726 891 251 281 553 858 903 592 75
881 279 746 991 339 54 10 602 238 743 407 36 950 871 774 752 719 963 655 797 394 689 223 506 531 524 835 17 743 844 94 377 846 738 198 803 727 870 996 104 445 651 824 331 259 554 267 643 519 370 451 878 524 974 206 285 643 253 771 222 838 66 5 876 907 516 300 106 584 977 339 660 304 654 951 861 682 868 473 194 702 400 897 751 881 155 219 95 182 600
132 325 680 399 118 412 122 567 561 601 271 807 476 694 724 665 467 226 636 436 225 795 186 304 359 111 604 318 815 362 762 57 367 309 856 548 469 589 252 848 459 829 623 858 23 431 43 794 197 499 286 739 972 516 360 87 18 864 193 537 258 42 589 388 488 857 847 96 416 420 602 253 940 710 412 494 384 369 605 567 656 279 356 637 412 826 501 199 299 345
457 793 534 966 461 481 168 46 128 194 133 201 196 998 548 922 936 589 620 845 837 777 242 122 699 973 701 278 602 562 852 26 312 8 857 256 845 363 58 485 626 186 811 311 538 437 363 748 227 285 15 504 46 201 752 229 176 432 696 954 115 433 572 625 837 623 455 436 635 665 588 400 912 358 97 158 702 868 714 514 671 658 647 76 361 1 708 650 137 685
377 220 715 548 796 152 514 399 192 140 124 571 604 730 542 455 306 961 820 809 895 808 430 360 535 895 574 816 389 811 268 772 652 698 717 911 376 185 944 754 855 125 478 274 542 575 544 211 693 376 363 711 250 131 280 623 201 896 454 784 672 19 508 844 617 531 582 696 977 119 60 526 677 117 88 768 650 151 607 960 25 685 498 601 867 383 648 879 612 722
300 903 476 551 123 513 950 946 878 287 137 210 446 862 58 479 426 2 160 757 582 110 782 302 973 793 821 709 654 762 49 228 540 840 415 433 887 846 758 715 262 806 929 203 365 508 915 707 394 243 863 586 904 103 939 179 432 207 891 257 12 240 615 721 72 585 65 424 14 108 330 729 163 927 732 279 240 120 378 972 141 398 811 745 911 692 717 980 168 499
600 188 337 174 846 373 109 201 226 319 436 451 229 883 330 836 578 70 109 943 209 263 793 98 697 270 404 487 839 270 246 366 941 254 763 949 920 710 181 900 88 788 30 783 215 311 291 157 385 179 461 129 106 830 284 325 926 96 188 6 456 294 25 570 35 664 665 703 749 911 694 856 91 67 48 479 55 23 534 771 412 155 549 165 226 655 455 516 395 609
122 577 693 292 230 826 650 773 97 402 104 718 450 973 105 648 6 945 74 668 977 663 896 387 989 924 663 481 160 372 323 548 470 37 313 865 315 49 879 362 253 142 581 969 633 372 29 331 123 459 937 505 298 963 709 851 517 99 503 42 60 190 526 2 53 334 756 115 458 403 648 252 730 39 426 605 449 953 632 176 667 283 920 928 537 368 149 13 544 481
58 406 50 806 672 321 357 637 863 699 268 631 345 554 564 252 501 359 946 838 365 420 874 627 825 586 667 994 390 902 153 383 843 712 63 74 319 502 477 327 901 854 576 375 146 532 471 991 352 19 328 849 285 221 103 81 821 280 34 88 434 794 75 653 425 382 550 188 89 893 517 453 930 62 146 890 526 560 409 825 117 85 279 273 89 501 369 413 412 15
368 963 346 817 850 830 921 256 26 287 749 140 899 476 534 770 597 528 716 713 81 764 530 357 192 616 446 726 350 495 629 556 464 79 429 271 605 554 846 87 229 663 81 693 482 315 729 443 769 808 917 108 393 724 871 722 393 649 994 166 929 258 840 829 503 499 364 967 4 601 347 191 99 847 569 972 840 577 441 940 290 564 606 746 553 686 843 35 269 28
42 670 567 655 931 369 3 283 522 133 402 226 983 264 55 331 884 493 533 67 396 185 559 107 430 973 869 701 687 921 999 308 39 543 150 885 132 180 307 580 422 327 25 496 504 550 241 747 195 326 167 932 416 973 541 923 588 302 716 506 204 369 293 818 610 3 185 70 389 794 678 2 357 671 703 610 657 526 314 235 964 885 338 488 103 354 346 477 107 377
837 322 520 24 693 316 426 931 184 840 933 963 386 546 84 118 326 7 273 231 853 894 373 543 265 826 246 565 922 850 616 350 821 818 8 743 586 990 317 436 522 713 15 22 861 791 185 560 269 168 117 491 386 630 9 620 677 300 778 826 987 978 391 892 805 782 126 258 135 511 272 615 4 806 340 961 523 165 660 521 184 588 641 626 668 997 654 655 720 777
979 707 833 27 851 427 244 695 247 124 971 679 300 503 658 419 646 71 435 280 280 455 869 469 868 455 747 565 806 240 469 402 503 920 582 154 866 921 11 586 93 499 486 907 926 202 141 811 14 77 533 451 437 789 718 347 915 382 92 575 265 220 344 935 891 839 510 128 496 214 926 218 974 11 780 133 144 871 836 550 43 487 52 685 352 738 438 400 711 113
770 757 364 598 773 724 819 658 600 940 166 333 998 954 390 598 839 525 726 746 7 834 452 982 948 735 206 186 290 194 713 470 983 259 169 105 449 199 179 918 104 422 613 289 121 767 335 322 813 577 464 438 518 106 903 346 183 955 652 201 823 862 766 661 13 403 402 384 379 957 31 912 884 369 508 796 69 325 46 590 707 278 687 355 577 211 313 272 250 289
519 828 368 110 86 547 501 715 97 715 717 434 119 924 801 973 713 601 602 712 398 281 204 756 679 615 811 237 272 273 887 613 785 486 795 267 799 84 758 970 710 811 354 960 773 346 241 859 608 253 999 778 139 206 197 98 189 161 109 748 332 898 812 694 223 498 985 457 209 832 118 710 125 470 520 623 380 212 821 54 681 354 282 217 239 178 525 854 759 420
655 916 557 903 751 241 783 177 240 234 55 750 259 484 565 851 805 664 939 669 647 531 703 274 486 404 791 158 514 429 268 628 75 235 711 354 345 815 300 157 442 242 432 589 982 480 892 944 872 555 275 190 228 967 961 903 207 879 902 8 507 462 188 531 776 492 271 385 23 4 878 759 853 305 236 957 871 151 64 932 472 669 378 897 569 817 847 132 88 410
104 996 127 674 854 483 451 249 573 781 137 851 888 536 436 434 170 244 181 755 797 636 692 333 240 48 934 92 272 451 51 10 776 502 321 174 502 612 232 487 613 626 681 791 546 663 502 346 551 106 679 673 137 812 983 347 180 656 709 974 717 581 535 985 464 576 569 369 939 962 117 207 968 440 102 581 499 998 122 718 146 350 283 514 530 235 605 99 312 172
355 969 663 541 872 714 448 415 110 640 325 359 750 365 871 688 137 671 244 348 964 791 512 631 261 776 89 471 573 732 659 910 487 489 593 605 456 60 912 133 91 543 393 634 431 337 799 818 846 114 290 486 286 529 878 301 324 875 443 788 660 287 235 225 846 53 168 976 747 444 752 68 409 86 915 983 232 734 34 17 658 882 289 237 887 496 436 629 291 925
352 623 411 232 521 618 529 392 637 353 330 417 890 219 940 753 486 72 585 156 184 490 981 548 686 773 564 303 732 835 536 839 457 243 844 880 19 497 854 686 172 892 555 946 226 401 581 870 866 888 630 762 711 174 50 463 920 551 216 385 93 577 107 444 405 418 833 432 685 137 608 324 993 82 810 700 899 929 664 425 299 733 344 425 777 29 846 618 156 530
843 336 822 849 817 539 238 437 957 750 875 405 624 319 469 591 537 309 614 319 393 458 311 25 297 135 947 465 470 548 92 539 185 615 508 70 560 898 600 885 55 892 26 335 245 941 836 407 938 717 873 546 214 300 153 914 503 222 223 631 740 517 552 785 833 722 221 148 690 481 258 872 100 857 540 603 679 544 494 829 294 923 244 62 436 253 774 292 71 374
887 204 613 80 824 126 178 132 945 251 7 916 174 416 176 970 762 459 599 670 29 800 839 787 798 271 805 35 915 104 180 617 411 336 136 185 327 814 69 893 490 960 622 119 344 893 376 565 110 642 918 601 651 671 575 818 34 133 934 533 782 757 607 765 457 795 866 831 740 736 828 980 145 479 952 777 419 112 521 674 273 763 177 452 133 962 289 866 755 167
155 22 983 873 278 663 389 47 679 169 122 925 263 224 408 246 144 729 143 88 341 293 875 516 989 553 913 817 476 847 602 40 169 570 786 240 542 773 295 111 654 364 726 305 967 694 121 203 228 879 269 334 386 51 129 273 439 54 402 811 338 390 471 944 133 420 344 609 981 821 890 108 231 830 852 523 665 529 580 555 268 694 134 583 254 835 9 323 687 347
687 288 499 15 756 47 279 317 2 954 760 912 600 775 915 915 751 130 709 999 636 268 597 460 150 810 779 664 860 826 177 372 746 919 889 339 805 828 129 578 603 709 990 100 854 216 584 69 549 896 836 244 177 410 743 619 162 669 319 708 623 925 831 413 266 5 891 221 522 278 918 367 837 170 363 352 986 483 166 119 334 11 921 937 178 177 520 718 349 361
147 471 946 934 117 937 867 101 706 903 508 623 503 198 302 141 818 93 360 864 747 650 59 721 171 118 467 762 172 88 399 532 827 802 299 600 943 170 701 331 393 984 429 106 109 812 185 772 216 350 282 963 820 201 610 893 520 475 645 943 824 898 476 917 991 306 33 94 297 318 733 905 5 160 33 499 430 152 656 12 306 968 960 432 240 927 890 226 522 874
693 908 293 826 503 948 157 393 406 691 634 900 262 33 924 688 697 303 4 993 571 961 267 491 346 716 888 904 535 625 90 545 921 586 964 674 731 712 135 279 958 108 286 814 143 541 293 89 282 536 324 547 796 352 478 717 556 586 90 439 214 499 339 70 981 61 996 400 239 911 886 396 704 920 729 481 230 858 498 641 343 305 754 309 986 73 728 27 720 4
788 691 840 780 662 17 813 709 486 632 526 996 728 570 220 599 94 733 414 929 37 662 380 582 669 299 376 308 946 832 242 540 287 831 443 798 319 503 637 76 274 555 637 382 681 860 217 221 53 197 920 660 623 859 100 916 121 168 618 492 901 717 631 842 593 858 938 649 132 48 426 812 969 570 81 358 488 219 245 301 868 497 642 934 34 961 844 213 486 804
335 892 111 99 928 82 744 869 233 858 23 501 230 81 726 264 341 258 93 444 584 279 770 817 399 62 185 510 732 158 641 693 980 47 783 805 235 585 740 473 931 56 243 709 582 56 945 74 828 326 451 354 902 423 702 550 362 243 135 270 625 433 605 461 137 608 394 712 65 148 861 551 623 986 680 422 819 533 617 399 929 141 231 779 40 747 541 394 421 627
458 25 145 967 575 194 367 418 672 101 618 379 503 779 948 6 613 864 85 134 845 924 197 616 615 531 370 834 900 278 495 283 360 56 132 583 905 865 534 455 990 413 914 586 114 346 293 394 175 49 463 423 310 326 274 685 400 328 272 18 770 146 819 282 893 804 665 925 289 372 986 765 998 46 110 282 258 400 374 602 15 991 638 480 483 539 567 891 287 115
12 918 706 304 400 752 752 953 364 271 649 689 640 523 98 982 198 768 217 115 923 376 545 979 508 748 428 446 250 5 741 939 533 665 453 140 430 576 490 919 398 451 924 681 843 514 334 370 26 434 357 771 416 625 674 251 296 630 740 179 929 201 54 218 98 214 303 429 53 422 27 216 459 21 309 806 928 281 765 775 228 95 323 234 377 631 692 374 38 311
996 952 585 797 181 989 994 655 177 400 812 580 213 144 305 432 501 272 10 156 377 905 979 677 454 8 95 667 919 688 89 968 360 884 430 240 761 831 508 880 258 404 383 586 209 161 2 851 365 927 662 280 44 1000 876 24 437 789 390 569 64 628 314 680 896 583 355 705 137 403 741 592 908 623 455 88 455 275 90 670 264 142 463 72 89 198 612 927 994 351
266 764 115 255 19 657 158 621 100 901 733 519 125 237 746 406 15 927 125 546 844 725 279 320 860 202 919 47 841 310 841 695 660 891 509 713 865 84 741 122 214 891 686 289 866 650 737 784 825 875 666 329 14 478 597 741 83 236 126 907 909 166 945 960 677 568 415 284 616 179 322 12 176 288 78 988 764 132 430 676 41 995 548 193 309 418 910 904 648 22
228 119 550 542 70 675 271 667 280 214 841 845 673 787 693 311 223 765 618 329 133 979 628 773 270 557 581 762 900 145 606 589 289 49 732 864 248 340 673 674 145 720 624 67 271 123 320 961 830 604 785 578 281 192 541 10 852 397 733 344 792 738 832 863 45 383 390 477 582 457 193 709 381 704 996 245 48 600 486 107 449 118 508 691 24 465 259 489 719 678
901 292 372 428 972 68 804 314 406 373 385 639 403 191 680 903 194 46 940 879 494 703 182 494 177 915 487 340 765 144 334 297 390 315 67 226 387 984 959 543 453 956 663 211 590 7 564 744 116 667 468 641 249 156 516 169 763 178 522 993 208 650 996 892 5 84 365 442 154 210 563 195 33 903 823 738 487 820 213 715 948 549 584 367 891 612 592 211 411 59
447 690 848 28 542 837 265 684 149 900 432 812 290 791 408 329 111 131 755 644 261 248 617 904 695 872 735 831 412 992 874 312 596 197 101 672 127 791 403 251 384 111 122 418 182 932 253 970 127 935 243 646 555 522 900 130 128 37 797 163 449 27 563 586 567 329 694 263 394 224 247 590 372 846 959 995 375 464 732 243 647 454 828 984 884 264 1 475 200 553
43 451 830 150 459 460 183 71 938 171 606 350 958 975 365 627 451 296 762 926 812 486 861 57 992 277 418 181 782 364 442 307 149 391 720 248 173 131 583 26 301 694 173 799 385 61 198 225 227 831 926 466 454 193 651 956 818 104 42 791 788 469 625 215 978 843 51 971 401 191 979 17 862 276 619 786 482 713 794 853 317 646 965 598 153 450 27 372 989 612
829 700 130 628 940 209 53 928 772 994 789 43 877 634 447 820 745 172 240 48 27 455 157 648 752 828 147 94 934 765 102 554 186 74 374 31 679 133 336 978 221 765 6 44 31 986 67 120 540 905 832 313 79 489 333 662 714 519 373 52 740 819 384 710 255 692 10 193 202 267 451 599 334 470 711 963 586 396 960 332 78 523 777 568 703 475 579 847 682 266
183 615 761 460 863 761 15 753 281 776 75 828 419 953 288 839 207 144 555 103 711 165 964 791 458 847 697 968 742 940 69 320 726 817 900 16 310 902 764 43 779 183 14 500 186 257 229 157 377 955 631 907 404 72 153 917 988 17 552 69 272 562 354 435 180 153 49 421 606 607 735 327 943 847 531 245 55 728 170 113 939 111 974 802 563 957 100 475 418 161
899 860 425 571 780 537 270 572 451 713 17 225 851 914 621 334 988 946 140 622 834 471 5 261 493 839 667 62 481 828 850 434 408 768 271 849 883 4 874 102 242 467 878 85 365 637 702 119 546 117 294 286 570 882 871 806 957 540 99 432 55 297 183 229 928 295 920 956 485 652 884 75 921 6 543 273 962 724 697 93 384 412 197 692 618 230 669 610 455 686
623 164 300 692 887 358 769 378 689 659 98 420 1000 900 543 567 603 462 154 371 928 581 22 633 494 637 38 333 919 839 503 790 22 111 766 643 859 936 740 761 144 27 412 471 296 23 798 729 94 534 782 727 878 538 389 775 545 685 421 603 823 970 273 732 2 66 337 170 8 220 256 921 904 853 241 529 136 411 182 849 79 126 888 380 131 742 13 161 446 94
743 52 947 357 947 536 611 827 39 804 935 802 937 142 755 219 221 641 882 905 694 336 122 89 18 972 647 431 756 643 100 711 557 759 685 750 203 97 435 522 842 685 988 561 610 864 190 754 360 90 607 140 267 8 99 797 657 527 35 573 759 128 76 168 137 173 400 590 466 74 395 741 25 433 288 862 828 331 204 702 948 490 540 484 418 824 522 268 731 507
909 234 597 738 993 640 643 482 195 580 972 982 390 18 269 532 295 341 949 948 999 119 115 548 656 178 908 408 451 22 949 737 871 495 446 27 586 169 814 114 274 252 278 619 713 298 566 386 556 68 951 810 676 133 191 853 50 391 869 638 993 424 814 148 594 615 866 279 436 840 534 15 560 80 583 619 608 290 994 273 882 675 362 694 665 558 415 77 557 371
866 29 409 431 125 912 418 317 173 874 470 335 13 734 790 371 310 129 934 6 349 680 226 630 523 468 87 906 47 864 821 584 788 829 642 365 721 299 670 616 456 511 138 337 192 726 400 683 894 844 252 664 66 841 646 986 441 454 2 412 366 717 576 861 432 298 220 877 255 46 938 654 193 946 656 728 439 927 369 763 665 423 465 179 828 936 82 334 590 76
468 39 244 302 664 186 58 352 344 83 869 33 623 807 158 264 146 424 336 483 927 205 422 119 291 928 238 858 488 817 806 26 854 532 186 782 69 149 445 370 643 500 110 106 80 231 533 538 298 950 818 208 386 908 571 277 362 121 334 327 120 943 35 787 352 565 378 369 912 504 283 598 761 971 354 219 795 701 794 222 295 213 421 309 865 576 468 617 933 447
800 176 956 965 354 883 886 892 540 62 789 277 164 692 829 436 320 736 654 217 256 11 959 641 61 766 155 480 618 698 472 438 976 439 639 957 479 206 184 604 698 99 580 358 835 433 802 581 677 557 270 781 281 481 264 469 833 118 946 39 123 575 411 683 410 198 769 124 199 609 45 119 370 180 555 492 273 646 78 505 323 686 916 327 47 984 984 124 754 829
852 648 171 183 575 258 637 698 951 293 201 441 97 561 305 897 468 702 488 657 932 988 94 488 218 416 704 747 485 530 595 55 442 774 26 719 344 663 371 677 908 798 915 92 623 731 770 154 696 614 954 714 359 468 527 670 213 71 510 321 342 643 643 229 773 593 406 990 863 203 821 805 69 107 279 365 586 886 702 271 813 866 249 53 813 847 636 596 796 70
106 524 116 651 195 856 223 701 372 320 231 413 643 294 807 497 165 844 527 229 867 345 4 34 960 783 393 283 143 404 755 58 152 408 150 136 523 990 228 801 509 460 925 200 494 475 464 314 652 934 600 615 815 225 959 520 559 864 651 812 510 881 962 997 502 137 175 617 348 20 815 556 324 885 236 515 383 528 835 846 607 997 925 98 32 118 344 370 500 308
348 729 366 811 542 557 442 403 416 270 842 756 415 573 581 333 354 116 13 893 519 137 968 150 278 204 918 471 427 215 954 254 60 205 460 163 594 391 789 763 536 109 473 207 425 87 104 88 797 964 418 898 751 332 765 809 191 774 393 860 661 144 487 285 729 738 83 315 569 217 459 575 166 333 321 292 1 651 732 997 974 180 320 244 311 399 648 288 609 539
949 171 861 636 180 32 959 453 882 452 470 130 990 754 797 238 603 875 89 577 488 451 901 88 276 47 615 827 883 356 225 488 420 692 46 651 627 582 542 901 517 129 985 647 547 418 514 517 364 685 128 557 402 588 713 680 878 367 452 631 155 474 195 258 49 107 296 834 111 890 824 813 537 608 473 522 692 160 794 634 532 494 770 949 618 519 540 510 126 815
215 688 388 688 832 279 188 252 95 554 684 221 134 767 678 715 2 987 458 217 943 929 787 67 124 689 820 692 697 182 588 872 62 21 321 431 362 407 564 396 114 22 181 117 387 975 393 407 713 701 781 121 937 452 822 442 74 111 81 714 669 631 507 618 668 271 866 160 399 96 408 361 688 763 288 687 407 231 971 337 374 661 507 330 440 950 987 324 879 734
478 750 568 622 356 868 683 892 703 40 995 635 66 558 783 1000 332 665 839 414 534 927 427 608 204 844 244 909 629 411 420 14 386 616 613 469 463 685 788 752 724 542 610 717 71 290 276 93 645 912 275 845 312 221 516 474 910 974 230 539 742 931 124 822 253 850 323 552 689 326 242 900 498 572 534 66 708 761 544 136 625 881 869 80 702 72 507 498 686 264
383 937 760 354 82 887 695 102 824 50 824 82 118 741 318 456 970 905 563 595 630 11 787 21 671 529 153 770 241 840 407 936 725 796 246 679 37 241 58 341 54 826 142 925 863 332 692 11 210 740 136 977 259 316 424 943 333 224 238 220 592 358 632 357 531 709 133 624 401 252 552 977 840 114 54 81 369 172 972 790 428 399 1000 118 6 227 587 965 261 463
902 828 688 803 158 731 277 265 395 546 100 867 154 914 509 513 219 898 554 796 568 208 463 759 872 316 924 449 523 591 379 869 242 89 690 747 751 321 173 458 559 156 740 886 881 612 267 684 575 10 74 578 880 579 90 955 119 319 308 905 379 64 705 263 587 888 57 160 383 84 579 124 16 778 619 760 752 216 679 775 522 212 357 147 219 281 23 587 876 458
351 789 395 694 383 872 391 633 649 836 112 503 155 231 493 236 101 144 352 438 890 230 445 762 464 258 475 117 800 305 460 241 379 156 583 236 134 149 573 642 281 303 370 949 570 254 478 104 417 852 396 642 953 642 301 235 269 574 944 715 83 330 210 245 444 507 834 95 960 644 618 803 498 767 256 492 419 956 611 868 529 250 737 813 648 834 57 222 196 338
223 817 582 249 64 317 696 117 205 563 676 283 646 412 133 678 955 220 579 949 188 483 133 287 246 135 772 997 734 423 529 174 271 721 258 284 591 582 506 149 1 110 499 684 410 440 992 652 895 522 82 929 457 160 147 791 968 639 691 780 607 337 332 794 51 532 441 977 916 912 677 505 928 571 311 566 272 45 128 933 15 479 585 600 662 15 745 188 645 776
339 687 513 295 849 944 74 74 770 82 786 120 740 217 679 222 708 755 125 224 228 361 8 245 248 298 812 718 436 325 736 565 767 233 853 557 736 876 677 973 644 528 204 705 482 618 406 539 601 697 655 870 791 730 547 773 515 854 183 803 897 261 362 401 890 883 860 914 162 982 736 270 668 688 23 120 232 812 761 260 90 459 745 556 266 994 205 822 506 125
412 714 935 352 244 38 464 176 667 126 338 388 707 551 827 178 164 749 235 109 829 666 711 992 675 942 388 522 318 989 345 837 652 80 111 156 342 172 7 515 53 537 155 242 59 613 455 783 606 141 925 63 955 207 430 626 554 540 102 239 547 619 243 40 501 995 736 541 405 633 792 764 746 796 476 417 584 262 921 416 289 663 16 534 677 15 206 129 855 370
317 575 287 57 65 629 98 602 494 163 702 228 811 745 834 216 231 525 158 220 122 613 464 460 940 581 153 971 257 598 46 474 801 387 963 868 744 552 219 164 879 790 348 628 638 799 347 689 277 559 52 672 507 247 288 226 531 850 268 806 767 211 743 160 271 412 759 639 10 10 607 955 268 20 97 422 484 744 159 177 506 931 56 670 69 7 688 942 142 385
697 555 380 604 691 492 744 187 318 939 562 631 521 606 451 594 535 264 202 343 146 147 685 888 771 113 269 726 656 22 477 137 573 982 914 731 664 565 449 323 593 712 435 585 943 465 973 599 566 249 39 237 924 966 620 570 878 896 651 100 769 558 424 37 822 116 621 630 716 95 567 420 94 450 608 150 348 512 421 535 360 335 906 962 223 653 124 889 845 42
541 814 593 417 208 860 699 994 186 266 119 547 873 921 873 414 32 852 751 635 881 811 568 77 506 380 665 467 829 598 183 612 227 184 716 429 938 858 70 105 14 932 875 394 761 130 5 892 750 776 110 486 588 736 28 470 22 773 295 59 716 426 797 643 574 631 223 820 861 980 451 314 868 197 949 235 62 232 306 188 658 247 637 832 469 591 940 487 686 383
83 753 248 181 321 120 276 180 433 917 859 600 887 798 12 503 213 899 835 870 129 479 669 28 30 145 32 280 150 274 530 351 416 478 31 792 579 960 296 981 878 971 148 27 201 787 914 416 649 827 558 468 783 743 682 373 717 310 142 188 239 27 492 950 530 529 320 902 451 770 565 573 340 627 783 298 640 396 605 742 333 812 445 891 577 919 174 319 579 811
131 581 828 282 293 57 503 970 479 187 7 312 159 900 434 242 147 758 741 534 292 943 176 620 3 715 555 559 78 333 47 999 433 944 398 916 168 676 382 653 276 536 628 466 315 676 37 988 967 807 436 423 777 940 44 995 636 16 351 670 296 67 486 195 352 681 827 745 282 68 448 652 962 926 456 590 895 153 208 226 332 804 902 592 558 429 42 114 316 2
811 605 137 475 201 893 735 930 646 330 90 663 593 196 345 774 583 357 323 787 561 454 233 899 71 220 523 382 570 414 570 634 709 446 447 428 581 579 459 138 182 947 394 486 490 22 427 416 352 700 59 93 773 404 394 515 710 775 473 656 46 349 603 506 552 334 860 863 307 265 558 696 566 33 543 542 84 642 736 6 714 920 867 534 368 728 692 427 120 596
766 922 699 605 428 96 765 109 193 345 880 479 89 651 888 806 145 730 449 820 756 665 150 552 829 105 668 579 202 800 858 422 820 180 617 652 892 335 88 4 783 714 278 141 331 286 946 26 880 598 604 117 177 272 685 629 367 929 306 159 571 166 308 207 118 315 346 658 235 807 477 587 403 136 594 409 796 609 533 208 170 189 103 71 6 674 919 317 110 104
771 341 269 895 635 91 238 81 879 574 517 944 711 706 324 473 820 328 891 581 361 704 920 274 862 41 343 90 553 935 860 697 233 121 696 400 65 298 336 344 514 335 842 351 509 933 706 321 175 903 715 639 766 231 201 845 580 200 420 749 912 896 989 360 917 6 731 842 531 952 368 881 192 676 515 438 929 825 875 900 78 461 731 64 932 878 452 483 662 62
17 961 989 307 972 832 758 184 413 416 138 73 728 390 963 576 180 915 768 132 624 824 190 63 484 644 412 656 232 566 4 368 74 502 140 93 762 459 290 580 454 593 641 642 106 345 220 377 320 478 245 505 14 238 281 464 963 824 93 947 273 980 395 678 428 521 944 640 550 232 270 345 829 999 602 759 378 376 967 516 186 107 408 535 760 547 61 12 852 41
623 682 896 704 632 10 63 428 851 545 685 504 291 482 329 699 22 240 494 128 629 559 486 170 1000 766 274 637 945 943 771 624 390 487 915 893 533 639 948 866 383 843 395 515 731 743 514 39 311 713 253 215 175 1000 282 365 240 793 199 772 205 655 159 344 8 719 698 856 552 796 737 793 220 20 78 207 619 30 910 295 807 241 806 853 523 219 610 637 288 967
717 627 454 206 71 788 689 488 414 788 169 955 326 660 557 502 464 218 390 841 492 440 55 467 28 112 311 614 590 504 604 264 903 246 733 652 100 980 905 681 398 559 933 167 984 111 247 466 574 943 923 608 747 565 440 462 747 241 507 383 323 26 883 62 230 432 649 337 289 713 786 395 977 571 732 280 128 529 507 713 451 340 409 632 978 465 324 471 159 438
979 207 131 621 1 215 929 111 326 774 933 476 470 734 320 115 359 351 189 697 648 588 735 806 510 68 223 905 668 890 132 802 175 373 906 120 772 847 472 83 105 610 404 198 261 406 939 416 840 470 794 706 601 471 127 339 911 736 468 408 981 313 541 755 685 776 996 773 331 369 50 932 759 923 233 178 497 303 451 404 304 256 829 932 103 156 939 747 587 246
996 40 829 658 942 684 152 935 274 55 238 855 760 550 582 530 938 348 385 71 817 419 82 147 542 330 352 965 969 727 779 852 222 879 511 649 23 120 190 3 839 981 748 475 323 508 224 866 580 222 444 980 995 511 344 475 925 826 379 90 252 967 617 626 844 244 400 535 360 771 77 156 879 625 999 99 705 556 894 191 528 227 754 432 279 83 748 856 976 344
297 448 142 98 981 661 26 712 522 531 94 955 195 59 763 902 351 832 46 374 661 941 450 881 48 271 37 288 590 699 907 585 867 607 374 218 799 62 61 204 534 667 399 94 941 523 40 140 125 981 857 967 735 298 796 399 237 589 826 865 21 573 339 372 563 404 443 121 253 516 462 964 967 289 346 869 720 82 840 512 638 253 868 512 409 960 765 403 380 764
354 308 172 593 940 622 212 251 427 819 974 802 43 649 205 125 577 571 925 948 403 805 800 840 814 291 562 80 279 721 503 128 81 952 451 415 581 571 41 333 778 919 277 715 597 795 603 855 220 687 762 569 136 633 789 26 55 420 701 496 953 525 697 150 221 466 121 746 753 79 520 132 87 871 47 858 818 956 602 358 73 49 968 751 141 953 839 374 598 206
990 859 899 584 212 533 618 999 237 691 99 993 194 491 481 781 824 618 579 21 938 552 766 251 715 103 342 52 389 794 366 311 437 543 439 579 449 134 673 380 711 485 917 36 338 347 379 561 314 551 487 729 110 451 466 845 636 538 112 390 733 513 171 170 993 693 953 519 642 110 495 555 486 988 604 810 583 525 993 987 948 320 589 594 161 906 829 400 913 650
417 789 355 167 238 463 753 629 708 414 29 961 300 146 313 229 339 898 300 752 292 876 306 113 947 381 608 846 286 927 152 687 732 331 436 817 290 864 790 996 719 40 700 767 714 614 160 999 683 812 361 345 538 632 871 151 823 844 695 497 812 452 184 820 216 530 949 885 782 163 346 44 637 41 31 60 869 663 738 975 290 450 846 896 961 676 441 805 493 841
247 519 837 516 445 774 963 848 65 676 677 431 132 376 206 442 77 927 633 523 814 597 18 102 143 104 830 338 303 986 320 963 470 469 104 80 326 311 199 440 179 571 243 146 530 949 392 483 424 46 603 56 204 76 784 477 785 319 481 948 58 596 354 996 773 618 967 325 138 371 569 951 199 646 213 738 581 533 934 519 372 904 306 573 614 568 242 724 814 612
680 298 988 937 781 156 584 40 696 181 411 575 584 156 529 755 469 646 983 12 391 372 758 968 887 365 868 927 232 880 526 343 786 589 361 909 135 392 548 687 489 580 348 487 234 915 463 344 361 532 364 827 399 638 568 807 336 543 804 345 282 9 402 724 797 199 323 511 285 625 250 90 558 886 865 719 961 376 849 514 883 108 407 765 314 385 208 925 138 632
902 593 997 390 432 941 20 673 81 571 160 412 505 313 142 49 965 656 712 473 376 999 483 817 456 89 465 295 376 601 16 576 250 532 676 752 604 734 341 968 699 92 501 853 798 532 243 908 565 146 794 628 173 644 777 893 763 769 91 939 200 327 340 743 871 495 891 294 944 679 107 233 612 51 288 13 913 402 569 1 681 527 437 651 374 157 745 266 803 799
329 127 161 197 775 676 851 164 331 156 139 411 557 591 414 699 60 532 285 250 250 151 333 508 982 458 792 63 413 143 229 941 765 544 769 126 604 940 298 61 432 441 588 82 224 42 48 955 127 119 99 212 977 263 794 215 689 231 910 48 788 144 285 510 611 258 49 782 605 107 603 891 166 294 268 382 574 448 849 405 246 680 771 704 619 745 291 444 488 159
806 934 472 839 556 603 383 295 170 893 550 350 310 267 209 635 279 89 900 653 370 889 128 619 818 882 602 357 497 523 149 774 354 804 488 273 843 892 79 495 886 746 357 723 398 200 378 928 288 516 2 748 161 734 456 960 561 277 770 878 499 936 414 750 704 375 838 839 990 309 681 3 974 689 56 84 185 203 934 712 95 953 801 866 570 351 619 43 102 980
201 900 285 933 968 20 319 705 547 792 697 96 81 838 28 242 359 710 390 139 597 560 469 396 359 780 206 280 100 599 700 940 502 952 563 611 756 436 763 523 296 286 134 148 437 726 766 256 46 282 668 936 292 703 257 923 201 906 472 835 739 978 697 695 547 187 858 243 142 420 989 410 156 948 984 595 322 957 806 485 136 592 649 157 724 366 753 71 874 558
45 51
15 20
44 20
