100 100
18 13 13 20 18 0 1 2 20 2 17 12 3 2 0 18 1 16 10 17 3 18 19 17 1 2 1 2 0 4 13 13 19 8 17 4 1 11 11 16 0 1 12 17 3 10 6 4 3 1 9 8 5 14 17 20 3 13 8 3 6 12 4 10 20 13 13 5 14 8 0 3 12 7 18 12 4 3 0 15 13 11 7 15 9 10 4 19 2 16 7 2 10 11 3 3 15 3 6 14
1 13 5 1 8 5 16 5 10 8 8 15 6 10 20 8 7 8 17 8 13 10 18 19 3 20 7 12 17 11 0 15 5 9 0 4 19 13 13 10 8 0 19 5 19 10 14 8 12 5 4 5 15 1 18 3 19 4 19 5 10 20 18 20 6 0 12 12 14 11 20 2 9 1 15 10 4 17 9 19 1 20 3 12 7 9 10 20 9 12 9 11 18 19 9 14 4 12 13 0
8 0 6 10 17 15 13 0 20 12 10 11 13 13 1 16 8 9 20 15 6 9 2 1 16 17 10 10 10 14 11 11 7 20 18 5 17 13 6 6 0 11 7 10 16 8 8 6 10 12 10 11 7 10 5 8 19 15 0 16 8 4 0 2 15 17 10 8 8 15 4 5 20 1 7 12 20 5 17 14 16 8 10 6 11 13 18 16 1 5 6 8 8 1 2 9 8 18 16 5
19 1 8 11 6 18 14 7 13 15 18 10 0 17 18 20 6 12 18 7 4 19 12 20 1 3 16 6 20 14 10 8 7 19 17 6 9 19 13 8 2 18 18 9 8 20 0 1 7 5 6 0 4 18 6 2 2 14 17 20 16 5 11 20 14 2 4 20 3 14 4 5 4 17 1 4 1 12 20 5 7 20 11 7 12 19 0 19 2 5 16 9 12 16 17 20 15 6 4 15
16 18 7 19 17 19 15 12 0 1 3 6 11 0 0 11 11 8 11 18 8 9 18 10 6 11 14 12 1 12 17 9 17 20 8 2 5 2 6 17 12 12 15 4 12 0 12 0 17 4 18 4 0 20 1 15 6 17 11 6 3 9 10 7 7 12 16 12 11 4 11 7 7 15 20 3 6 0 11 4 7 0 2 8 8 1 6 19 8 20 6 14 10 10 14 20 8 0 0 11
18 11 15 15 7 16 15 11 18 1 6 19 9 19 2 6 3 1 16 16 17 11 1 7 4 17 6 5 1 12 3 20 14 14 1 5 9 3 3 6 11 18 19 14 19 17 10 0 3 20 17 9 8 14 0 9 3 8 20 18 5 4 3 7 11 2 8 14 17 20 11 4 8 6 12 5 17 1 20 18 6 20 17 10 5 14 15 3 9 4 3 0 2 19 14 14 17 5 0 4
17 10 20 15 19 13 1 4 1 12 8 8 10 6 9 7 12 2 7 9 11 5 1 0 19 10 12 12 2 8 7 20 13 6 19 9 3 4 13 6 3 6 19 3 4 9 18 10 14 18 15 17 5 9 14 14 9 12 1 15 3 19 14 11 12 18 17 12 2 9 12 10 15 16 19 16 2 2 13 5 14 17 15 19 0 19 4 14 0 6 1 17 16 15 2 10 13 7 3 12
13 20 0 8 16 17 5 5 11 16 20 5 15 19 9 9 2 11 17 7 13 6 9 17 12 17 19 6 19 2 6 15 13 19 6 7 2 18 0 17 1 2 20 7 8 19 10 14 4 9 13 11 3 9 14 18 15 0 2 6 6 7 1 7 9 4 16 13 18 12 13 14 7 16 13 15 3 2 4 12 14 11 3 9 4 3 8 16 0 12 13 3 11 6 6 5 9 0 1 11
7 8 10 19 20 9 8 20 17 13 13 12 17 9 5 11 6 16 19 2 18 2 10 16 5 14 11 4 5 1 3 12 1 20 2 3 10 5 14 6 15 14 8 3 3 11 17 17 9 4 3 3 18 4 11 17 9 14 18 5 20 15 5 15 4 9 8 17 5 11 12 10 11 0 18 7 12 2 4 4 16 10 13 19 11 5 2 1 15 3 14 6 17 13 14 7 6 4 10 19
10 10 9 18 2 19 2 1 12 16 7 7 1 5 8 13 7 19 12 11 6 14 16 17 0 8 7 18 8 15 0 20 9 16 19 12 17 1 10 6 5 6 3 13 6 14 12 0 14 13 18 2 6 11 20 18 18 20 19 8 8 19 15 12 8 6 3 2 16 13 2 7 4 20 19 14 20 18 13 5 14 20 19 10 1 11 6 6 3 13 2 12 14 11 10 1 10 8 5 5
10 16 2 10 11 15 12 2 7 2 15 5 8 5 2 8 2 6 0 10 19 9 5 14 13 0 12 19 5 10 2 10 16 2 2 7 1 3 8 1 9 6 19 1 12 19 1 2 15 9 1 18 9 12 14 11 16 8 19 17 9 18 7 19 3 9 0 0 11 14 4 20 18 0 12 9 10 13 1 19 8 10 18 0 1 10 1 12 9 17 19 3 2 5 8 6 13 5 10 13
3 1 16 5 18 18 20 9 4 2 13 1 4 17 10 13 15 16 7 11 11 7 4 20 16 5 10 11 20 2 3 4 10 10 15 6 3 18 9 8 9 12 12 17 19 4 1 20 19 2 13 8 11 4 7 17 15 16 3 2 7 14 5 1 9 18 5 9 7 18 5 8 5 10 18 8 20 15 3 8 11 9 13 5 15 17 14 2 18 3 3 6 19 19 2 17 11 18 15 2
7 9 3 14 17 15 12 8 16 2 13 6 13 3 3 19 2 5 16 3 14 4 2 16 18 20 15 6 18 0 2 4 8 8 7 13 20 10 3 4 12 11 18 2 13 3 15 15 5 18 3 16 19 6 14 17 19 9 0 14 9 11 15 17 17 8 8 4 17 10 15 18 20 15 14 18 2 3 5 19 13 15 6 19 9 11 15 6 15 13 12 7 6 1 12 6 10 1 7 12
2 0 15 15 17 12 3 3 15 9 10 7 18 6 16 17 12 11 10 15 13 9 4 20 17 6 12 0 4 10 3 4 7 6 15 3 15 6 16 6 2 3 15 5 18 20 19 0 17 4 13 17 14 7 2 9 2 18 10 2 10 7 4 6 3 13 12 15 16 19 6 9 12 17 3 15 1 0 6 12 8 2 17 0 6 17 1 15 19 13 14 10 20 9 4 18 13 5 19 9
18 13 19 18 19 9 2 8 4 4 14 12 5 3 6 4 12 14 17 20 13 1 19 10 9 19 16 9 9 19 15 15 17 11 13 6 1 20 12 15 2 4 3 20 4 3 11 1 9 18 8 11 10 12 16 2 20 12 11 11 11 4 10 20 19 18 13 6 19 0 3 9 13 2 8 18 3 14 1 17 9 6 4 14 4 11 9 7 8 18 13 12 5 5 15 17 11 9 0 14
1 14 20 1 4 2 13 16 9 7 9 2 15 18 19 1 2 20 6 2 2 5 20 18 19 14 16 13 5 1 5 15 17 11 9 9 4 5 5 12 15 9 12 1 14 10 3 0 3 15 2 8 6 5 7 15 19 8 14 6 13 8 9 14 3 10 3 10 7 0 3 8 11 20 9 20 14 12 11 18 10 0 6 16 13 8 15 20 7 11 0 8 0 4 2 1 15 13 10 5
6 8 8 11 15 17 10 7 16 7 12 2 7 12 8 18 15 3 10 7 20 18 11 16 18 13 16 18 14 17 3 10 16 8 5 3 15 9 6 8 8 9 4 8 19 17 20 11 16 15 5 4 11 15 15 3 13 6 6 7 19 15 2 1 6 16 1 20 2 1 6 14 2 10 10 10 11 3 13 3 3 7 14 8 18 8 19 18 4 9 7 10 20 18 0 16 7 6 0 6
17 1 2 5 15 12 10 13 0 11 2 17 15 18 7 12 16 4 15 9 3 4 19 11 14 9 2 11 19 19 11 17 12 7 8 2 20 17 9 19 14 8 16 0 12 5 18 18 2 19 8 18 2 18 6 14 1 8 1 20 1 6 17 0 20 8 2 8 7 5 20 13 17 3 16 7 11 17 19 16 0 4 15 13 18 4 9 9 17 7 8 14 19 13 3 9 3 18 9 14
12 15 3 11 14 13 13 15 7 18 12 9 11 11 5 5 1 6 3 20 1 20 7 16 10 8 7 17 10 12 8 0 4 6 16 6 9 11 9 2 7 9 11 15 11 7 4 13 3 18 6 17 14 4 9 7 12 11 7 17 7 16 6 8 17 12 13 9 1 17 4 7 5 18 5 2 20 4 9 14 8 4 18 0 6 16 8 5 5 13 16 11 15 13 9 15 12 14 14 20
17 1 16 18 18 8 13 8 15 2 10 7 12 14 16 3 16 1 2 17 9 12 13 0 2 11 18 15 19 7 0 15 8 20 8 11 7 10 0 1 9 0 1 0 12 16 3 8 18 20 7 14 16 18 2 16 15 3 12 18 14 2 7 17 12 2 5 14 18 10 9 17 13 5 7 6 16 4 9 2 7 16 3 13 5 16 9 2 11 4 3 14 12 19 5 1 0 2 15 8
15 9 12 6 19 18 13 11 19 18 5 7 19 14 10 20 11 1 2 2 7 20 12 17 3 2 17 17 15 18 2 5 17 16 19 7 5 1 7 9 20 6 12 19 3 0 20 20 16 6 14 10 10 6 6 14 1 0 15 2 10 20 7 12 8 11 3 11 4 19 16 18 13 10 13 0 17 3 13 9 18 18 16 2 6 16 11 5 20 1 17 8 9 6 0 18 13 0 13 8
10 16 20 3 7 14 12 3 7 16 14 4 14 19 14 19 7 20 18 15 15 15 19 2 8 16 19 9 17 17 13 20 4 15 16 19 14 17 20 4 14 20 3 5 12 7 11 11 11 0 9 6 5 12 15 10 5 17 0 15 14 18 1 5 3 15 19 4 4 16 10 0 12 13 13 19 2 12 0 6 11 17 3 11 18 15 6 11 15 10 5 18 7 17 11 15 5 19 5 4
20 6 1 10 11 9 12 12 3 0 5 4 8 16 17 16 12 13 13 11 7 5 6 1 4 12 10 5 16 0 9 20 18 12 6 18 6 6 5 19 6 13 12 12 12 16 1 18 13 12 8 18 7 9 8 9 2 6 10 2 7 5 5 13 5 11 5 18 6 0 3 11 20 17 8 14 6 3 10 6 20 15 15 12 3 20 19 7 1 3 5 9 0 15 14 11 13 13 11 4
16 10 1 4 17 17 13 1 11 2 7 13 3 6 13 15 13 2 12 17 10 6 4 13 8 6 11 12 10 18 14 5 20 2 5 7 12 18 3 9 18 14 19 8 17 12 19 4 2 3 7 10 18 2 0 7 20 10 3 4 17 20 16 19 11 8 6 15 2 14 16 10 8 12 1 16 4 8 9 1 14 20 2 18 14 8 10 8 3 18 13 10 3 12 14 14 17 15 16 11
12 7 19 15 0 13 6 20 20 0 19 8 5 16 4 12 11 6 5 20 18 19 2 9 7 3 17 3 1 19 1 9 9 13 12 17 8 7 9 9 9 18 6 11 20 18 20 3 20 7 13 1 14 3 5 3 2 2 14 0 19 16 0 20 18 3 0 20 14 11 13 15 10 18 11 1 15 20 16 9 16 11 15 17 8 19 1 6 20 20 2 18 18 3 14 2 3 19 5 7
19 1 7 19 10 17 1 15 20 2 18 20 12 8 11 0 3 3 14 0 14 17 11 6 9 14 5 6 9 14 19 7 7 12 8 10 11 11 7 11 13 13 14 18 12 20 5 14 12 19 15 5 6 11 18 0 18 8 2 15 3 1 8 3 19 9 15 5 19 4 16 19 8 14 19 20 3 9 2 4 9 8 7 16 8 9 7 12 11 3 8 7 12 3 3 13 4 9 19 17
8 20 19 11 16 8 20 7 19 1 18 8 17 4 19 3 12 7 0 6 0 11 4 18 18 14 19 8 7 6 6 13 4 10 3 9 1 7 20 3 19 20 4 2 16 16 17 9 0 14 16 1 19 5 6 12 5 12 6 4 1 3 1 3 14 15 2 12 9 7 2 16 5 2 16 20 20 16 1 18 5 13 19 1 7 19 4 10 4 15 1 5 2 7 6 19 15 17 2 15
12 7 7 15 15 12 18 4 0 11 10 13 17 3 12 10 4 9 19 0 9 19 2 6 11 12 15 9 7 16 19 6 0 2 7 7 2 9 12 7 8 6 13 6 19 15 18 4 0 11 6 8 12 11 11 15 4 5 15 9 19 5 3 10 20 6 10 9 11 19 7 0 16 4 17 17 18 9 1 3 18 3 2 5 17 19 3 8 16 6 7 7 7 6 4 19 19 3 20 14
3 0 19 8 11 1 12 19 18 14 14 5 6 3 5 3 18 15 1 13 11 4 9 7 8 19 6 10 12 13 12 15 15 7 1 7 19 17 1 9 8 2 7 4 10 16 19 16 0 1 10 15 8 9 19 9 14 20 6 15 1 20 6 6 10 10 12 7 5 6 18 9 6 0 5 16 4 0 14 3 0 11 7 3 18 9 3 7 4 17 8 6 2 17 20 18 6 0 8 17
13 14 6 14 14 2 17 17 6 17 1 13 1 9 12 10 11 11 3 19 11 9 19 2 3 0 10 18 9 8 1 5 14 7 3 20 7 0 1 6 19 16 4 6 6 7 17 0 0 12 17 20 4 14 12 7 19 10 11 0 10 20 14 10 5 9 11 12 4 9 11 7 19 10 3 9 11 14 3 14 7 1 1 15 2 10 4 9 2 15 16 15 15 9 9 0 3 15 11 8
18 10 6 2 20 7 8 8 18 6 17 2 5 0 0 4 6 6 4 5 8 12 7 8 14 8 1 12 12 6 1 13 9 9 11 7 16 2 1 20 9 15 10 15 6 19 10 19 17 12 0 0 1 10 16 13 10 16 14 20 17 3 12 12 16 11 6 3 14 13 13 13 16 16 11 7 1 4 0 3 12 12 12 14 19 13 19 17 6 17 10 14 6 15 13 2 17 17 12 1
11 14 8 14 1 8 5 1 3 3 15 0 8 6 9 16 1 4 20 8 20 19 10 17 2 14 2 11 3 6 14 20 3 0 16 8 19 1 16 20 12 10 12 14 12 10 11 6 6 12 12 5 10 18 0 12 3 14 11 15 9 15 13 11 5 19 14 14 3 10 12 14 2 16 6 18 18 7 15 11 13 15 18 15 13 7 14 0 16 8 16 6 19 10 20 14 15 4 5 12
6 8 10 17 8 13 17 17 2 6 3 6 3 19 13 12 20 18 15 8 3 15 16 4 20 2 4 17 17 14 6 1 5 13 6 2 0 3 0 4 12 13 1 19 10 19 6 10 18 1 6 2 11 18 18 11 2 10 7 20 16 19 7 12 11 1 2 2 4 2 6 6 16 13 7 16 3 7 11 6 0 11 7 13 3 6 19 20 2 1 5 4 20 16 3 3 2 13 11 14
6 15 10 2 0 8 16 18 19 18 8 1 13 19 20 19 13 17 10 0 15 1 9 15 14 15 20 20 13 2 0 6 14 11 3 6 4 17 8 19 12 6 12 9 11 7 7 6 7 7 15 14 4 8 3 5 3 12 3 13 9 16 11 13 17 19 11 19 1 8 13 18 0 19 11 0 1 3 11 10 19 13 9 16 18 11 18 4 17 3 4 11 3 18 2 3 4 13 1 17
0 11 0 11 4 10 5 15 18 17 1 14 16 0 1 19 0 17 7 8 10 16 11 19 11 16 20 14 20 7 10 4 11 14 16 11 12 9 2 11 3 13 19 4 19 0 7 19 14 0 5 4 5 16 14 3 13 9 16 9 10 12 16 3 6 12 6 8 11 5 4 3 17 5 20 11 2 15 7 18 6 17 18 13 15 17 11 15 4 0 15 5 12 13 2 3 8 7 6 14
12 0 3 16 18 13 4 13 1 2 10 12 3 12 16 11 20 14 19 0 17 16 2 6 20 9 8 6 5 15 11 7 12 5 14 16 6 15 19 10 0 18 4 5 6 17 10 14 17 0 16 18 17 10 9 20 2 8 14 15 20 5 5 0 5 9 0 0 16 17 20 12 7 17 9 1 6 3 3 11 2 14 7 11 0 8 15 7 5 17 11 1 16 16 7 14 7 12 16 16
13 2 4 12 3 13 5 12 1 7 14 20 4 3 7 13 0 17 9 17 15 2 14 7 1 15 2 5 7 0 20 11 13 17 9 5 15 11 10 19 7 11 15 4 15 11 3 12 18 16 16 5 16 16 9 14 11 2 17 3 15 13 17 6 0 4 18 2 0 15 12 20 17 10 19 9 14 6 19 17 20 15 2 3 8 5 16 10 17 12 4 6 12 5 6 15 5 12 4 17
16 6 17 5 13 11 20 16 5 11 9 6 7 15 4 3 19 4 12 3 7 17 11 8 20 10 20 17 9 13 8 20 14 1 19 1 2 13 19 7 12 19 7 1 20 16 3 7 0 10 8 8 15 11 17 0 4 20 16 12 8 9 10 9 20 15 1 19 18 19 0 11 5 0 12 9 0 19 6 8 5 14 3 11 5 3 7 7 5 0 14 11 12 6 16 5 19 9 1 8
6 11 7 7 0 16 14 16 12 7 5 3 3 16 17 18 0 8 11 7 4 14 18 11 12 9 17 8 11 15 9 8 4 11 2 20 17 4 3 20 3 13 10 12 5 13 7 1 6 9 12 9 10 16 4 5 18 5 14 17 3 18 9 15 12 4 1 7 4 19 11 7 7 2 1 6 4 7 13 16 15 1 5 12 19 19 20 14 13 8 10 20 14 15 18 16 2 12 9 7
9 15 5 20 13 9 12 10 0 6 14 3 15 20 8 20 18 9 0 15 16 18 5 4 13 18 1 11 13 20 17 9 17 16 1 14 16 10 5 1 19 17 7 12 18 8 19 7 19 15 18 0 3 3 15 0 11 3 17 19 5 14 13 8 19 19 2 6 14 0 19 8 4 19 12 3 7 8 5 20 11 4 19 9 17 16 2 16 10 2 17 13 7 9 19 19 5 4 14 9
16 15 18 12 11 5 17 0 3 12 0 10 0 16 11 16 4 4 15 7 15 4 3 15 11 11 14 15 5 6 13 17 0 17 13 7 14 1 3 9 9 16 15 1 14 16 4 12 2 4 10 2 3 17 4 19 17 6 11 1 2 15 1 19 4 16 12 12 3 4 14 12 14 16 4 8 4 9 9 15 12 5 9 6 2 8 5 10 20 11 17 20 6 8 0 15 7 10 19 5
14 20 6 11 17 1 0 1 15 11 12 17 15 10 16 3 14 7 18 3 10 18 16 16 5 20 4 3 10 4 3 18 6 11 7 18 10 0 10 9 2 14 4 7 17 15 18 1 2 7 15 10 0 14 2 14 19 4 6 10 18 2 3 4 17 6 13 16 17 13 19 17 7 15 6 14 17 18 3 1 18 1 16 1 18 2 19 11 20 17 8 14 16 16 18 11 20 0 15 0
8 7 19 0 16 5 0 1 17 0 3 11 0 19 6 16 6 20 10 18 14 9 20 14 14 3 15 10 8 1 10 8 6 10 6 18 20 20 9 16 15 1 13 11 6 1 20 16 0 12 4 4 1 4 19 14 8 0 0 4 15 17 4 5 17 20 8 1 8 16 17 11 15 7 18 16 9 17 0 20 14 4 2 7 7 9 9 6 19 11 2 2 6 4 10 4 9 1 5 10
18 6 10 8 5 13 7 10 17 10 10 1 14 16 19 5 9 18 1 14 1 20 8 5 4 10 8 6 16 9 10 7 11 17 0 2 9 8 7 20 3 1 3 6 12 9 14 18 12 17 12 3 20 14 9 11 0 15 17 4 12 5 20 9 11 0 5 13 18 1 1 0 4 7 13 17 14 16 13 5 9 5 6 19 18 15 20 0 5 15 7 13 8 15 3 17 14 4 6 3
18 19 15 5 0 15 7 8 3 9 18 0 16 6 1 2 7 7 10 15 2 18 16 1 11 17 9 11 10 20 19 17 1 8 4 9 6 11 9 10 11 19 16 18 19 16 18 16 1 17 1 2 10 11 5 4 11 5 18 20 16 0 5 2 9 15 5 11 5 14 12 18 0 13 6 5 2 2 9 2 6 2 19 12 14 18 2 20 1 2 12 0 12 12 8 4 7 19 11 10
5 3 13 13 1 20 11 20 19 9 2 17 14 4 5 9 18 11 19 20 19 18 10 9 19 3 4 10 3 13 11 13 4 8 7 17 6 16 16 14 12 17 16 15 14 6 17 16 8 20 1 1 5 6 2 2 20 9 19 8 13 8 19 11 11 12 20 9 9 1 18 5 11 16 13 13 13 15 11 7 17 20 7 15 3 4 12 17 16 5 9 6 10 14 15 1 8 16 10 10
0 5 4 14 19 20 18 3 3 15 18 7 16 11 19 2 3 7 16 18 3 16 1 3 13 10 14 5 5 18 10 9 15 11 2 2 16 4 6 12 8 20 18 9 9 3 9 13 3 10 3 3 5 0 8 0 14 10 17 1 20 20 17 11 3 8 5 3 19 11 20 0 15 5 5 1 19 14 15 14 14 4 16 10 16 9 17 1 2 4 16 11 14 15 13 16 17 17 12 3
15 0 16 12 6 1 15 0 7 11 3 16 0 14 12 17 3 3 20 7 14 4 6 14 0 17 5 19 20 6 2 14 12 9 10 15 5 13 18 11 4 0 3 0 13 7 19 2 15 18 18 17 14 4 3 4 14 13 15 16 18 9 9 13 3 6 11 1 3 0 19 2 19 20 11 0 4 13 20 18 17 12 11 5 16 9 2 6 5 19 15 11 5 13 11 0 11 16 9 4
14 19 8 12 0 19 10 10 9 5 7 13 7 9 18 15 13 11 7 20 18 10 6 0 20 0 12 12 1 11 10 20 14 15 3 1 17 8 13 7 14 2 5 10 5 18 5 5 16 18 6 18 4 0 7 16 7 11 17 6 7 18 6 15 19 2 3 13 9 10 1 10 3 20 9 12 11 12 11 20 13 1 9 20 7 1 2 20 16 7 2 14 15 15 2 17 12 3 5 11
0 11 12 2 19 10 16 15 12 3 7 0 1 11 19 2 1 6 17 12 12 16 5 4 20 4 2 17 19 9 19 14 15 2 8 18 4 4 6 1 17 4 13 19 3 5 9 12 16 19 4 16 13 1 11 4 16 10 4 12 11 11 20 10 7 17 18 5 15 19 9 9 2 17 11 19 11 4 1 5 4 1 12 17 7 18 14 5 8 11 16 2 11 10 20 16 11 0 11 8
10 6 12 9 4 14 6 20 8 17 14 1 2 10 0 10 8 18 11 6 16 11 20 7 9 1 13 5 13 3 8 18 0 2 15 10 7 18 11 10 4 12 17 4 19 0 15 6 8 5 19 19 7 15 3 9 9 13 20 12 19 4 17 19 11 16 16 9 7 15 11 0 2 13 17 10 18 12 16 8 18 15 2 6 19 20 11 10 11 8 20 13 7 0 13 18 10 6 15 3
15 11 2 17 18 18 9 11 17 1 11 17 7 5 5 8 0 16 0 0 16 12 14 17 3 18 10 3 7 10 0 15 12 1 11 9 18 12 15 18 6 4 2 19 11 13 7 11 2 8 17 0 7 5 10 19 13 1 18 13 19 18 5 6 20 5 4 18 4 14 6 9 1 13 19 15 17 1 0 6 18 8 2 0 4 11 9 9 14 6 9 14 2 9 13 1 2 15 5 16
12 3 2 4 3 10 7 10 0 9 8 15 4 7 3 13 19 3 16 6 5 3 5 19 0 7 17 20 19 8 3 4 6 19 6 3 10 5 2 14 11 16 6 19 2 7 19 10 17 9 8 0 6 2 13 15 10 5 12 17 13 2 11 3 10 15 4 19 14 5 2 7 17 0 13 11 3 10 1 14 1 11 17 12 5 18 12 7 15 18 9 1 7 17 7 11 2 3 0 11
14 7 19 18 11 6 18 10 16 6 10 10 7 19 6 1 6 13 8 6 19 7 17 10 4 7 4 8 8 14 11 2 20 14 11 10 0 18 0 18 14 4 11 19 14 13 16 18 18 1 6 2 5 5 11 2 14 14 11 2 12 20 13 3 4 13 17 15 13 16 4 2 6 13 9 12 4 9 13 7 18 2 10 16 0 13 12 13 12 4 18 4 4 0 20 13 1 5 2 18
18 2 19 19 19 5 7 16 6 16 3 1 13 6 20 8 11 15 19 2 11 20 11 2 20 9 9 2 20 2 11 4 15 19 13 19 12 8 15 13 11 13 15 3 7 5 19 1 13 15 12 4 4 15 10 14 1 13 7 10 11 15 5 11 6 5 4 6 6 13 6 7 5 20 11 14 14 13 8 4 6 1 12 16 13 20 12 16 19 17 0 7 16 12 12 18 7 6 12 4
0 4 19 4 9 20 3 13 15 13 1 6 9 9 13 5 12 8 3 17 8 2 20 1 1 2 0 15 6 10 1 15 9 18 2 11 13 15 0 20 10 19 9 6 5 7 4 10 5 20 11 5 18 14 3 3 12 10 9 13 11 19 0 7 5 19 11 0 17 4 11 9 5 12 18 4 13 12 16 7 7 13 13 15 12 11 9 14 14 16 14 15 19 7 15 0 9 17 1 20
14 1 10 0 1 19 19 14 17 6 18 3 11 14 11 11 13 1 11 4 1 10 20 9 4 18 20 9 15 2 4 1 7 4 17 9 12 15 4 20 6 19 14 11 7 4 20 17 9 7 6 14 7 3 19 15 1 0 14 9 7 20 3 17 13 3 2 2 8 4 14 6 1 4 12 6 3 4 18 16 11 16 8 8 9 13 3 7 19 5 0 7 9 6 10 12 12 8 6 4
9 3 12 19 18 6 11 16 5 8 15 17 11 5 0 4 11 2 18 11 5 20 16 14 9 18 17 10 3 19 2 12 4 4 16 5 12 15 10 3 12 20 0 8 12 12 1 6 3 9 17 18 4 14 19 6 7 5 18 20 12 19 4 16 2 15 17 10 7 13 13 10 1 19 20 5 0 20 4 12 20 17 18 19 5 11 7 7 7 2 13 17 3 16 18 2 3 7 16 0
11 5 12 17 3 13 17 5 1 10 20 7 5 1 4 4 11 20 20 13 12 0 2 20 3 3 14 2 4 10 9 2 12 5 20 17 0 3 20 13 0 6 8 12 14 15 11 16 19 0 17 6 11 18 15 7 10 0 13 20 16 4 20 17 20 15 7 16 7 17 18 4 8 17 16 15 17 18 10 3 10 1 14 0 9 9 1 1 12 5 16 18 12 9 3 7 9 13 14 9
9 8 9 17 19 7 8 15 3 9 11 6 14 8 9 10 15 17 12 5 1 19 15 10 20 7 2 15 13 7 7 11 18 12 18 19 14 10 13 1 19 14 10 2 5 0 11 12 7 7 5 17 2 7 7 7 15 4 8 9 17 14 3 6 14 12 11 10 0 8 2 15 9 2 5 8 6 0 5 14 17 15 1 12 20 6 9 15 6 17 7 9 0 12 12 8 0 0 7 3
4 17 4 6 17 3 0 8 19 7 7 9 11 12 8 8 1 16 11 5 19 1 4 1 5 16 17 12 4 3 3 13 11 8 13 0 11 15 0 1 14 3 13 19 11 8 16 0 0 3 18 8 1 18 18 13 18 4 10 16 10 12 13 6 10 17 14 17 11 16 16 17 2 2 5 10 8 6 7 0 19 14 7 20 19 3 7 19 2 15 1 7 3 6 2 15 15 8 3 1
17 20 1 17 9 5 19 20 13 19 6 4 0 20 19 13 3 19 20 11 15 17 11 4 9 4 16 13 17 15 15 7 7 11 18 20 4 16 15 17 2 7 16 13 11 0 1 16 12 12 19 5 16 19 5 10 20 11 16 11 1 3 7 20 4 20 10 16 15 18 3 2 19 9 11 20 12 20 15 17 19 18 11 2 20 10 17 1 6 14 8 15 5 3 0 13 12 7 5 6
2 14 13 0 5 15 5 14 6 18 18 19 10 0 9 20 3 7 12 11 17 2 1 0 6 18 7 3 10 14 1 16 6 3 14 20 10 11 11 7 13 17 17 4 5 20 5 13 4 6 20 16 0 0 7 2 10 13 19 2 10 0 12 19 17 15 18 5 4 11 1 11 8 15 8 0 9 0 13 8 17 10 8 19 20 20 14 17 0 19 1 11 5 13 13 19 10 18 6 7
6 17 7 8 0 5 12 12 18 2 8 11 15 2 18 11 17 5 16 3 12 9 8 16 4 18 14 4 13 19 7 9 9 8 6 12 12 14 9 0 20 11 16 0 6 4 5 6 13 17 14 0 10 11 6 14 2 12 0 16 9 14 8 16 1 19 6 16 4 15 10 1 5 3 9 19 4 6 16 7 16 1 19 1 16 1 7 5 17 2 17 10 8 18 14 11 7 17 10 17
2 19 15 2 18 2 7 3 1 7 3 16 12 9 7 7 12 12 7 11 4 0 3 19 19 4 11 18 16 2 11 17 14 16 7 4 1 6 4 1 18 1 8 14 19 3 15 19 17 9 5 19 10 15 10 1 12 9 14 18 5 19 12 1 18 4 6 12 9 0 3 14 1 4 6 17 13 6 20 3 8 5 20 16 0 2 19 14 15 7 12 6 3 1 19 12 3 19 12 5
13 8 13 2 17 7 11 0 9 10 20 12 1 2 5 12 0 5 13 9 7 20 18 11 12 1 20 19 8 12 10 1 19 15 10 11 5 2 10 6 7 10 11 2 9 19 2 3 14 6 11 11 10 3 18 1 0 16 19 1 16 4 1 15 2 17 5 4 19 1 7 2 11 2 3 8 8 19 4 13 20 10 4 11 10 16 8 9 2 10 18 17 17 19 12 9 15 7 11 2
3 3 0 8 1 1 13 2 13 13 5 0 17 15 16 9 5 7 14 2 4 13 5 17 20 6 3 6 5 15 15 11 12 6 15 7 4 6 4 15 13 14 10 17 4 14 13 12 9 7 4 3 8 8 17 2 1 12 16 19 18 11 17 12 20 12 5 11 0 17 5 5 0 4 13 4 16 14 9 5 12 6 10 11 13 15 15 6 13 6 10 11 1 4 20 18 12 15 13 2
0 19 3 17 0 9 2 8 19 19 19 7 5 0 1 20 5 10 0 8 17 1 3 1 18 5 3 6 14 14 3 14 7 6 15 11 0 14 19 16 3 18 12 11 8 15 12 0 2 3 11 16 4 10 8 20 0 6 19 20 1 16 9 16 10 11 20 14 11 17 11 13 2 4 3 7 20 20 6 8 3 13 17 8 20 20 16 10 15 0 13 9 18 12 11 14 1 12 17 4
17 9 4 4 16 0 7 0 4 1 2 1 19 9 14 7 14 2 15 16 20 15 6 5 5 4 1 2 16 15 18 12 5 13 9 7 7 18 4 20 14 5 3 11 8 14 5 11 7 3 4 4 15 20 13 18 2 16 11 11 9 16 13 4 3 11 16 8 12 12 17 1 6 9 4 4 6 18 14 4 16 11 19 17 9 8 3 20 20 20 1 3 4 15 19 13 16 0 9 17
15 7 11 5 8 11 7 19 18 16 5 8 13 12 17 8 7 19 15 4 17 20 13 6 16 8 12 0 15 17 8 6 20 15 8 10 2 11 13 16 19 8 14 16 7 18 0 19 20 10 7 14 13 3 12 9 19 4 17 10 8 4 14 10 12 7 19 18 16 13 16 4 6 20 11 2 8 6 14 18 9 7 7 16 7 20 6 19 20 17 15 3 7 1 3 2 6 2 4 6
13 2 20 15 16 10 1 17 8 12 16 6 0 9 2 1 6 12 7 14 5 16 8 19 7 11 20 9 18 18 16 11 14 17 7 7 2 2 8 5 3 6 0 11 6 17 6 6 13 11 8 5 3 16 13 16 9 13 0 20 1 20 13 17 16 9 5 9 13 13 18 16 3 11 1 7 15 18 14 1 2 10 20 8 6 9 14 16 18 19 12 5 7 6 6 13 1 20 10 16
9 14 14 5 12 9 7 6 20 9 5 8 7 7 11 8 13 18 16 1 1 10 16 14 12 14 8 20 17 18 9 17 5 16 20 11 5 4 16 14 14 15 13 6 9 10 6 5 3 14 0 18 3 9 15 11 6 18 16 10 4 18 9 11 6 4 8 11 20 15 7 18 10 7 2 11 12 19 14 7 7 8 7 4 20 15 9 3 18 2 2 5 9 4 20 10 18 8 3 1
6 19 5 11 6 7 20 20 0 1 7 15 14 13 15 4 13 10 10 10 7 3 20 18 15 3 9 12 9 16 18 13 8 10 10 15 18 11 4 11 13 8 7 16 19 8 19 4 3 8 16 10 4 1 12 3 14 10 6 9 13 11 9 20 8 8 17 0 2 1 1 15 13 15 5 3 10 5 15 1 17 17 18 8 19 20 1 7 18 15 10 2 0 12 6 11 19 15 17 17
20 14 9 16 14 10 11 18 14 0 12 15 3 12 14 16 19 17 4 16 3 5 6 9 18 17 14 1 8 13 15 16 0 13 16 12 2 6 10 19 6 17 13 17 15 7 10 1 8 15 11 17 17 1 12 13 4 0 6 7 0 3 12 1 18 3 19 14 14 15 12 5 12 18 13 3 6 11 18 20 19 19 7 10 4 17 12 7 13 12 12 11 14 2 20 1 17 16 3 5
2 11 13 16 7 1 0 6 4 15 10 17 11 0 6 13 14 4 4 0 2 4 17 10 10 16 2 0 17 3 12 19 3 17 17 3 6 2 14 19 14 3 10 16 11 14 12 1 9 3 14 18 19 15 12 18 16 8 16 16 5 10 11 6 8 9 17 15 3 14 3 2 3 11 12 17 15 10 12 7 14 14 10 7 6 2 2 6 13 9 8 17 17 7 0 3 12 10 13 11
7 13 0 14 11 16 15 4 9 18 18 3 17 0 6 18 5 1 0 17 2 7 18 14 0 20 8 14 0 13 5 2 7 13 12 16 7 18 10 17 16 13 15 17 0 4 9 19 2 0 17 20 13 6 12 20 9 19 20 17 15 1 15 3 5 2 4 9 3 15 6 16 18 13 1 15 12 3 1 6 15 12 11 18 10 8 5 12 10 7 9 13 7 11 10 1 15 9 10 1
3 18 17 20 18 0 8 2 8 11 9 2 18 15 18 0 1 18 5 12 19 3 20 9 3 1 6 2 12 18 14 18 13 10 4 17 16 6 5 1 16 7 0 13 1 18 4 13 8 16 0 20 19 2 20 17 12 8 18 0 13 11 17 19 8 7 8 3 7 0 5 14 11 3 20 6 5 7 17 19 5 7 12 12 8 1 4 9 15 2 18 19 19 8 2 18 18 1 17 12
19 10 19 6 14 11 19 7 8 11 20 14 17 14 0 7 4 0 13 18 8 10 1 15 14 0 11 12 12 17 11 2 18 17 14 1 20 8 19 17 9 8 12 10 8 9 12 8 1 19 12 20 2 18 7 17 6 9 7 3 0 13 12 5 10 4 5 9 2 11 2 1 12 14 7 9 2 15 12 15 13 20 11 14 8 0 1 0 1 13 14 10 4 9 10 18 4 7 20 14
9 20 19 7 9 1 18 3 1 17 7 19 9 13 11 2 20 7 13 2 4 5 19 2 15 4 2 6 16 12 3 6 18 11 12 16 8 2 3 1 9 13 4 18 6 13 14 16 6 6 3 3 8 20 1 3 20 5 17 8 8 14 4 13 0 2 18 9 12 5 6 0 19 10 16 13 4 1 0 13 14 1 13 19 9 19 7 14 17 11 6 0 16 8 3 14 19 6 5 5
1 10 12 18 11 7 3 18 8 4 0 12 17 8 7 15 13 3 6 3 19 3 1 2 17 5 14 2 16 13 12 3 17 2 0 8 3 14 4 2 4 11 12 11 12 4 16 3 5 7 5 0 0 16 4 17 7 2 2 3 17 18 5 3 0 12 7 19 14 4 15 13 18 15 7 8 7 9 3 2 3 10 15 13 4 14 11 1 14 2 20 9 0 3 9 5 14 9 16 16
3 16 13 20 4 4 9 16 12 2 5 3 12 10 0 10 17 11 16 9 18 8 0 18 12 20 16 4 16 2 4 14 9 19 2 19 20 15 11 1 17 6 12 19 10 1 13 10 20 9 14 11 6 12 5 11 2 1 3 2 16 14 9 20 14 3 18 5 15 9 9 10 9 15 1 9 2 9 15 4 0 19 13 4 3 11 2 10 2 8 19 13 11 14 13 0 20 18 9 5
11 19 2 9 1 15 14 11 19 2 0 8 10 18 10 0 7 3 14 0 17 15 13 8 17 5 10 11 6 19 19 13 0 15 17 9 11 3 10 3 5 15 2 6 12 19 8 15 18 2 7 16 2 4 11 11 14 15 16 20 17 0 0 4 16 20 16 11 11 12 1 1 3 14 15 3 20 20 15 2 5 7 7 8 18 11 20 2 2 13 18 5 12 16 19 19 16 0 17 10
7 1 1 15 15 3 0 18 17 4 13 8 12 11 12 7 6 20 2 15 16 16 20 13 12 9 16 14 18 18 0 3 5 17 1 2 10 18 9 14 16 0 13 9 8 18 3 14 16 0 15 17 5 1 3 3 4 18 11 5 17 18 9 12 5 10 6 17 4 7 11 5 14 4 13 17 9 20 8 9 15 10 11 12 7 1 11 12 0 11 9 4 13 18 3 10 2 6 0 11
0 5 4 18 18 3 20 3 10 19 18 5 9 2 9 0 16 20 11 5 3 1 3 20 18 1 0 3 11 7 7 20 8 18 9 17 5 17 11 1 9 10 6 1 6 19 6 2 18 1 6 15 4 12 8 0 19 18 12 18 1 0 20 9 17 6 12 3 10 13 18 2 3 17 1 2 0 1 1 9 7 6 19 13 15 13 9 10 0 9 15 6 12 5 8 18 18 11 5 10
0 3 8 11 10 14 15 1 20 11 5 13 5 3 19 3 13 17 17 12 5 17 8 15 16 10 6 3 10 6 7 6 6 7 6 2 5 2 17 11 14 9 6 5 3 4 16 17 20 1 16 3 1 1 19 5 1 9 19 17 16 18 18 9 12 20 14 8 19 14 11 17 20 4 16 3 20 10 14 6 4 4 3 17 11 1 3 3 8 9 19 4 6 12 12 7 3 19 5 5
6 17 14 6 19 15 4 5 1 10 2 18 12 18 10 11 3 20 13 11 9 15 0 2 7 16 9 2 7 18 18 0 8 6 7 16 13 7 19 2 6 8 8 5 8 14 13 20 16 7 12 16 4 3 16 13 12 6 14 7 8 19 2 14 10 15 17 9 17 11 18 7 2 12 20 11 11 15 17 20 3 18 1 6 0 14 8 19 4 8 4 0 14 20 3 5 17 10 0 15
1 6 3 19 10 19 15 2 16 13 12 20 14 17 17 19 8 11 19 1 19 7 16 9 8 2 13 3 17 1 12 19 10 7 14 12 4 14 10 16 9 2 15 14 9 0 1 20 15 1 15 3 12 16 4 17 16 5 2 14 3 17 4 16 4 3 1 17 16 1 8 0 5 0 10 15 0 10 1 0 12 4 9 4 20 11 14 12 16 5 3 9 6 11 16 20 16 8 3 10
5 19 11 10 1 11 4 17 3 6 5 15 11 3 19 11 3 19 8 11 0 11 5 1 16 19 20 8 1 18 11 14 16 13 8 12 18 18 20 20 18 1 5 7 7 14 12 8 17 20 7 10 3 3 8 12 0 14 17 13 2 8 16 6 7 13 10 2 4 12 6 5 17 14 13 7 14 12 7 12 16 6 8 19 3 1 6 6 1 11 14 17 6 4 18 2 16 5 4 0
16 18 8 20 6 12 16 8 5 3 3 11 20 9 0 5 10 10 19 6 6 12 19 18 18 9 4 1 19 3 11 5 18 0 12 8 7 20 7 13 3 14 16 10 6 9 8 10 18 9 11 16 9 12 4 18 15 11 14 12 9 6 10 20 8 10 15 9 11 0 14 2 1 19 6 5 17 3 18 15 10 20 1 19 3 15 13 16 15 0 5 7 6 12 5 12 17 17 5 4
9 19 16 16 12 6 0 7 13 4 10 1 10 2 14 1 7 20 7 3 2 10 9 7 3 2 10 13 13 3 4 6 0 14 19 2 3 7 7 3 20 5 18 12 3 14 13 5 20 7 4 19 4 19 3 16 15 14 13 3 0 8 0 16 19 4 4 20 18 3 10 9 3 16 14 18 17 19 14 15 19 5 5 8 20 1 8 0 13 8 9 1 6 2 0 2 0 5 17 18
5 20 14 8 8 6 5 13 13 17 8 5 7 0 12 8 6 8 6 14 19 0 4 16 4 15 15 4 1 4 19 4 1 20 11 9 3 11 4 13 7 10 11 5 16 20 4 17 11 19 9 7 5 12 19 17 8 6 1 10 1 18 12 7 2 19 8 4 20 6 8 5 4 8 13 11 11 7 2 6 0 3 0 0 11 12 9 16 1 14 12 18 10 1 7 3 7 9 7 10
16 13 16 19 10 4 20 11 6 16 18 19 17 8 0 2 14 4 4 0 2 4 17 14 7 1 1 16 4 17 12 20 6 19 3 5 12 11 12 7 18 8 12 6 6 12 0 14 11 10 19 17 17 14 5 13 8 9 4 15 2 10 1 9 14 18 12 12 17 14 10 16 19 3 9 10 15 18 12 2 1 10 9 10 9 7 0 20 17 2 6 17 2 5 19 4 3 10 16 8
2 18 19 14 16 5 18 5 12 5 9 18 2 13 4 10 15 15 13 18 16 6 8 16 1 19 8 8 17 16 16 8 3 2 9 16 10 20 7 15 16 16 16 4 16 2 11 19 18 17 18 16 17 0 2 15 1 16 12 11 13 8 17 11 1 2 7 20 19 19 10 7 9 6 6 19 19 16 5 1 20 14 6 10 20 11 8 8 0 9 7 8 20 20 9 4 16 7 6 1
9 0 7 1 9 2 18 1 1 10 0 8 12 8 8 20 9 0 3 2 10 20 14 18 7 5 8 12 13 9 2 2 9 18 20 10 10 18 12 19 5 9 0 4 1 8 3 7 5 19 14 10 6 9 7 9 17 6 3 3 5 20 17 16 1 16 16 16 12 14 1 11 20 3 13 5 3 18 0 10 0 20 19 5 15 5 1 20 8 7 4 8 12 18 15 16 9 13 18 15
5 4 16 2 3 19 13 7 18 7 0 14 13 12 3 19 14 4 0 16 7 8 3 18 14 11 20 10 16 10 17 18 14 17 11 20 6 3 4 11 16 12 1 17 4 4 8 1 20 2 13 18 18 4 8 9 15 10 13 17 2 20 4 12 18 5 18 20 10 4 7 10 5 6 19 19 2 2 3 14 1 7 12 12 4 1 5 16 20 19 1 1 10 18 20 2 4 5 20 17
19 13 3 12 4 13 5 16 19 19 6 6 11 19 5 9 12 20 18 8 17 18 16 0 5 7 4 0 0 12 3 1 2 19 3 8 19 12 4 7 7 20 10 12 2 18 9 6 4 13 18 9 10 20 20 19 15 6 3 10 6 3 15 6 18 2 3 17 20 2 2 20 0 4 0 2 13 9 6 15 16 8 10 10 2 4 2 5 19 17 10 12 13 7 4 1 4 10 1 5
12 8 14 4 15 14 6 2 10 2 11 19 14 9 5 15 13 4 12 14 5 11 1 7 16 18 14 13 3 9 15 4 2 5 1 9 19 0 3 11 13 0 9 0 15 7 7 19 0 11 5 11 18 12 6 16 8 4 0 12 12 5 15 20 19 1 8 3 4 15 12 7 18 7 12 14 17 13 13 15 20 18 19 0 7 12 17 13 11 8 0 9 13 3 1 5 12 7 15 15
18 3 8 16 0 16 7 3 5 16 2 18 9 7 9 12 11 4 11 16 9 11 2 17 14 9 20 13 13 15 12 8 17 19 17 12 3 8 14 2 1 5 20 12 16 8 5 11 19 1 14 5 3 3 18 10 2 6 20 11 17 5 12 13 11 12 7 19 15 5 16 3 17 16 19 15 2 0 3 11 20 12 1 15 6 6 12 8 13 12 7 17 4 19 14 11 4 12 19 4
19 11 1 0 9 20 1 3 19 7 4 14 8 13 14 5 20 3 17 12 4 19 0 6 18 5 20 13 2 1 13 6 5 11 12 15 16 6 10 0 5 14 15 9 17 14 11 0 1 8 16 14 5 9 2 6 3 20 8 18 1 14 10 3 14 16 0 16 1 16 18 2 13 4 2 0 9 7 7 10 18 3 3 11 8 1 16 5 12 6 4 1 10 9 12 5 2 13 11 8
13 1 0 20 16 3 7 1 0 18 12 9 15 10 15 9 12 2 6 17 4 12 8 9 7 15 11 18 6 7 7 15 18 0 0 17 19 5 9 3 13 18 11 6 2 16 15 9 20 4 0 10 0 17 5 5 16 19 2 9 8 6 9 1 16 11 8 14 15 16 16 17 1 2 4 16 3 12 14 9 10 10 2 9 12 2 14 3 15 14 8 13 8 12 7 6 1 11 5 1
246 321 757 314 121 787 822 946 639 954 85 601 757 661 95 303 343 331 867 135 639 755 237 986 670 792 394 201 643 755 703 129 811 298 392 517 878 714 838 203 26 473 991 389 790 428 235 424 123 544 26 651 133 616 950 592 680 678 725 684 519 340 875 309 841 271 86 527 957 152 233 643 551 172 119 407 970 457 699 711 469 780 752 766 90 239 126 138 73 406 427 911 897 411 673 389 190 67 520 114
262 124 946 716 821 506 133 63 627 556 1000 804 914 184 277 208 21 971 43 345 772 853 881 652 366 470 10 135 200 295 206 585 874 107 160 549 726 449 200 724 100 495 86 827 244 975 784 22 65 89 551 184 538 682 347 473 205 828 568 73 928 805 505 549 595 918 834 114 895 121 906 917 620 662 161 572 775 470 82 771 279 377 509 318 918 755 345 563 935 94 637 12 958 700 720 538 142 944 560 618
827 852 816 406 935 796 660 788 6 25 420 820 646 438 132 215 995 579 820 230 18 890 133 369 618 675 593 659 439 168 528 60 236 849 579 716 772 152 534 133 82 949 334 264 503 207 807 436 115 314 546 230 743 985 415 868 656 587 46 962 772 640 514 33 228 497 198 786 647 427 816 361 102 391 521 707 234 85 692 461 129 669 538 939 995 968 267 823 428 311 282 353 75 490 59 968 293 207 117 16
14 846 983 144 294 304 453 153 225 709 496 873 508 716 107 683 143 354 177 151 563 368 737 670 867 549 517 986 629 375 619 458 208 194 978 534 330 9 54 973 948 275 841 364 407 397 429 35 973 938 656 364 336 29 627 796 280 339 654 29 347 732 156 194 687 768 867 77 286 398 54 88 629 878 535 427 196 148 884 924 716 589 254 555 513 152 902 562 629 355 309 338 539 962 757 636 622 112 76 786
279 859 895 710 412 240 52 140 419 694 636 307 463 609 437 420 806 584 861 977 423 663 795 262 812 170 389 822 388 49 818 602 679 958 544 269 653 422 208 256 996 861 54 569 330 788 675 651 902 50 81 233 728 43 370 580 641 84 338 292 981 96 224 429 647 43 723 581 708 692 84 117 259 110 944 1 748 380 463 49 108 161 352 472 735 505 542 99 719 132 402 497 293 23 411 726 573 880 156 787
427 570 731 383 117 687 700 792 660 720 430 261 27 26 339 104 407 489 794 497 187 956 240 582 976 603 515 882 339 235 681 736 556 146 855 792 447 781 452 622 362 647 2 206 682 692 575 68 579 295 997 415 920 843 809 246 195 716 312 924 389 413 33 213 424 990 935 836 737 473 28 637 273 722 175 489 967 654 938 121 375 920 166 972 365 860 891 196 370 910 872 356 49 548 549 98 981 686 267 538
257 330 652 405 468 457 600 389 155 125 35 272 823 794 882 658 923 297 546 461 463 1000 702 88 683 739 506 331 428 47 218 853 551 253 584 292 292 461 752 896 623 382 463 881 568 856 706 566 929 696 877 872 569 764 853 573 775 788 439 634 229 886 111 631 977 433 936 243 792 645 320 752 824 523 948 863 741 846 520 683 710 837 156 169 57 209 293 317 189 265 479 542 855 457 974 38 87 742 381 951
538 263 785 602 175 331 387 995 868 278 701 723 183 983 439 152 158 374 175 322 185 12 853 395 200 916 199 463 15 637 198 595 794 273 460 292 511 776 57 953 5 697 363 660 494 852 692 259 986 420 77 954 353 177 575 865 990 878 660 13 756 907 484 240 314 56 263 512 476 923 828 628 871 67 831 123 688 157 357 787 189 556 486 895 875 113 42 954 146 152 550 199 129 687 575 613 842 764 457 727
710 269 540 313 91 477 385 186 807 977 686 403 704 446 860 44 511 9 671 311 366 703 116 742 98 776 397 343 519 937 95 590 474 997 944 778 590 630 931 919 508 962 618 316 667 182 853 806 315 994 101 950 299 590 653 574 759 243 865 392 634 332 396 980 529 155 830 752 657 904 819 556 848 88 572 206 38 166 678 946 664 968 260 43 816 293 644 703 870 326 695 24 393 932 788 573 384 564 582 55
636 341 50 440 468 993 571 271 574 344 425 896 109 132 641 117 190 811 931 797 150 577 176 311 927 923 302 90 759 231 970 268 419 423 775 900 391 649 425 72 523 775 6 187 222 496 228 236 302 813 954 429 70 828 37 988 174 777 769 753 188 756 258 40 66 628 534 184 526 617 657 783 733 312 77 942 21 722 271 644 384 611 90 782 543 150 433 391 464 538 904 912 364 170 205 981 794 825 943 513
950 6 995 346 298 592 577 768 533 958 760 968 418 464 153 299 278 930 480 157 735 408 767 788 710 207 667 729 518 698 662 393 313 853 67 217 423 721 652 118 749 931 20 462 109 903 332 98 232 26 237 8 893 829 318 530 696 641 776 674 19 807 867 409 77 542 289 366 151 995 171 254 478 628 278 392 678 647 622 512 198 878 189 605 886 805 285 901 591 258 192 303 75 267 735 661 649 486 341 250
902 160 735 326 868 391 685 322 946 515 302 648 705 58 523 562 824 214 229 780 235 596 295 170 231 451 29 78 307 983 24 90 790 43 427 200 579 596 733 463 368 690 218 105 918 619 12 688 784 228 173 295 755 258 226 942 379 279 752 177 932 1000 545 233 514 838 141 176 431 33 903 683 906 71 972 364 251 395 819 370 398 462 496 387 150 964 188 851 776 283 128 273 376 186 156 865 442 365 455 413
639 989 842 336 479 132 175 32 593 172 38 587 261 546 411 639 637 320 464 110 311 915 488 850 851 545 861 356 207 279 985 243 980 988 14 723 119 10 634 948 189 724 974 550 910 460 601 534 422 137 73 702 677 46 452 62 925 579 433 950 448 326 207 46 583 481 970 309 576 394 577 259 324 246 631 540 621 100 408 439 851 917 852 957 704 85 939 34 519 277 182 979 432 98 829 742 897 666 474 337
128 618 810 84 466 738 142 901 197 283 607 808 62 39 861 255 160 533 665 946 947 381 738 930 795 538 795 973 887 334 690 579 184 446 482 601 64 788 352 726 736 358 518 950 169 806 367 742 746 555 467 779 821 176 273 408 188 320 644 838 369 142 622 672 552 725 514 135 605 664 141 357 21 185 729 707 834 352 315 841 714 682 432 43 411 32 694 942 924 641 507 417 397 327 696 98 332 397 722 512
61 248 381 580 909 385 131 820 398 401 15 499 292 893 365 778 653 335 379 871 588 793 318 175 17 331 592 823 657 681 168 130 871 734 255 181 482 934 173 208 945 451 375 769 828 37 548 897 439 782 574 492 747 744 409 447 590 406 973 490 375 920 46 804 115 589 421 688 887 408 752 559 222 887 926 349 612 499 571 591 166 133 161 683 691 153 734 706 194 416 638 914 548 902 356 717 955 219 946 531
654 549 602 921 146 750 981 932 947 833 377 765 362 141 516 867 494 356 961 758 275 299 700 301 819 433 515 356 684 843 689 298 964 605 974 301 101 659 563 223 214 982 383 396 512 158 671 239 932 206 276 227 896 597 74 483 942 318 343 419 574 877 924 358 404 288 138 988 52 451 284 160 249 127 285 917 477 307 163 328 446 680 313 830 571 140 634 797 889 672 114 79 326 253 269 35 165 42 288 93
971 440 429 566 558 301 579 249 254 137 144 775 564 461 806 359 932 493 862 702 673 706 832 350 633 9 355 972 502 115 413 910 561 957 72 714 373 750 610 207 1000 350 781 420 908 733 528 428 507 452 833 968 512 447 345 850 171 482 594 623 492 647 814 719 749 196 553 687 376 829 560 856 34 130 392 358 935 92 715 497 880 831 324 919 969 680 110 828 440 806 991 647 738 695 90 652 950 939 304 870
699 892 403 830 103 120 355 345 374 186 930 846 820 509 763 160 116 539 97 217 106 988 463 509 92 168 375 835 774 593 215 826 964 680 787 238 344 766 10 528 705 304 21 715 91 653 611 432 472 688 900 841 715 891 153 25 824 817 390 11 248 677 937 954 829 429 70 614 910 772 73 513 611 930 811 545 179 781 65 13 802 419 734 975 717 633 548 195 989 635 934 36 814 886 738 883 463 520 251 627
19 239 227 200 270 140 24 917 479 892 730 701 852 820 192 639 830 803 492 785 320 150 302 731 270 712 572 267 344 704 448 424 652 350 169 770 214 193 218 854 391 1 182 305 9 393 967 137 379 473 362 94 103 205 466 401 956 133 546 939 31 924 657 291 451 526 45 82 907 668 640 756 753 999 30 307 696 732 455 97 146 399 354 696 982 324 371 264 837 972 137 845 473 242 515 336 934 712 318 124
51 822 134 148 20 814 319 43 830 108 547 616 496 778 792 1 352 859 790 774 898 237 889 459 202 209 187 763 724 471 563 896 653 338 668 150 786 220 827 704 584 622 414 282 660 807 58 828 509 277 116 683 809 48 586 108 773 772 411 24 718 738 405 421 393 35 655 16 638 57 12 715 847 607 124 770 185 73 150 2 67 716 950 222 868 689 389 582 806 428 71 766 220 346 239 692 15 502 344 799
224 906 691 392 450 107 628 168 525 155 927 235 196 976 130 914 976 846 996 913 579 668 382 516 88 308 742 684 915 729 830 645 926 295 651 504 18 786 757 941 542 445 952 603 74 572 800 178 895 729 438 68 8 934 379 568 284 356 464 234 784 455 385 648 303 922 533 240 377 549 391 877 723 609 353 938 696 709 211 807 623 844 270 750 356 476 690 261 795 684 882 802 86 696 753 443 943 238 816 913
441 682 600 435 342 480 703 86 342 995 992 279 702 32 331 367 718 454 146 280 973 800 898 969 419 1000 829 643 496 38 602 570 897 215 999 448 783 280 241 284 78 431 694 528 201 373 345 38 14 751 65 78 859 441 557 831 72 915 984 964 613 760 758 361 63 4 372 22 156 851 257 197 101 774 577 259 837 998 817 41 473 575 450 850 219 512 824 314 678 573 570 668 376 481 631 825 874 345 400 653
41 179 190 659 571 398 403 687 573 714 440 297 353 114 227 745 91 521 478 618 951 723 341 332 380 579 571 720 867 603 35 399 694 454 666 172 334 373 969 904 520 311 489 313 217 425 878 714 613 715 782 897 899 744 282 114 381 933 340 580 842 397 9 243 146 949 619 787 46 683 461 618 766 67 292 717 842 585 84 869 664 639 923 138 280 791 987 156 502 523 211 146 558 78 521 885 839 870 33 804
751 175 52 21 569 114 453 163 755 972 782 558 571 384 458 32 436 57 616 654 788 958 118 936 116 536 166 64 630 846 897 792 485 490 776 159 376 892 710 129 933 721 974 598 815 880 48 696 437 194 605 318 415 864 542 138 299 627 431 372 362 104 946 567 911 521 514 176 908 429 653 241 149 792 401 901 923 738 854 588 70 999 193 101 522 9 183 522 384 87 110 688 412 633 589 235 522 600 851 236
931 829 918 635 68 547 527 437 549 315 935 672 503 641 952 305 972 579 900 197 757 280 959 608 665 187 613 398 661 317 194 338 243 931 780 363 224 911 996 871 559 326 442 681 822 622 305 115 320 177 55 689 174 514 172 394 721 44 723 253 570 271 425 512 674 419 450 316 280 211 414 175 611 163 239 314 134 266 186 636 366 449 695 337 961 856 674 220 799 555 491 657 267 516 312 587 592 652 185 940
880 860 240 472 434 204 518 996 713 711 950 997 614 889 898 135 283 254 377 49 795 353 581 337 733 374 459 656 366 220 688 874 914 438 431 453 263 123 150 826 962 234 378 773 12 443 979 3 64 879 321 395 233 553 66 954 33 891 621 838 21 953 704 625 248 779 129 386 214 571 152 585 924 118 884 247 439 80 597 112 216 320 223 66 331 79 545 844 968 672 850 682 437 808 416 837 348 478 95 444
83 453 253 704 896 527 818 719 351 739 641 593 771 71 260 808 495 415 50 236 330 685 299 300 469 617 487 247 260 758 962 940 9 549 44 146 938 959 262 737 563 448 157 781 786 914 699 859 665 505 946 855 305 589 264 567 544 577 241 7 575 111 355 183 932 236 575 168 474 662 398 295 80 318 243 802 472 294 493 774 667 320 563 970 776 770 994 954 300 665 530 163 396 29 867 382 502 439 305 776
114 140 584 399 969 551 430 816 961 786 352 245 6 748 593 701 334 656 177 897 160 161 390 188 894 683 314 56 180 595 391 692 197 999 39 962 923 661 411 300 973 214 665 123 140 391 362 700 319 722 383 276 817 641 814 45 762 578 229 278 761 504 368 713 654 589 966 264 991 204 356 914 404 822 809 7 241 356 31 922 914 961 201 798 792 155 820 651 771 305 389 884 805 846 756 546 896 672 682 731
505 786 988 382 226 504 127 600 593 742 894 471 106 617 155 967 996 241 953 896 875 698 250 263 939 770 513 532 765 146 778 754 368 150 534 909 347 598 173 448 746 651 84 570 274 788 122 564 30 604 508 991 2 137 150 2 236 131 691 105 22 254 176 902 760 759 107 413 729 874 815 846 666 342 156 682 286 134 445 721 764 640 925 436 195 340 801 160 908 528 241 558 574 422 786 393 772 158 146 16
358 398 455 142 415 712 673 910 214 54 336 71 575 925 972 3 184 536 792 41 258 695 138 453 97 480 65 61 427 419 660 207 950 458 722 982 66 960 636 532 9 854 862 778 502 658 636 656 48 790 103 860 111 312 533 911 253 655 804 419 307 668 717 765 554 655 706 475 721 721 439 808 724 308 506 438 541 580 553 775 706 821 559 928 574 126 81 523 640 692 483 432 651 358 522 455 97 682 509 983
674 101 268 169 774 246 990 540 535 95 107 393 912 407 961 138 17 804 55 172 686 835 916 891 820 822 692 188 933 845 560 84 478 246 986 901 451 102 427 213 829 293 810 862 207 494 699 971 263 901 723 208 638 223 532 109 656 600 416 739 43 436 342 633 895 626 80 69 109 791 57 106 557 133 868 250 93 684 363 61 943 35 746 244 292 447 65 75 235 656 46 239 833 692 874 115 49 19 626 251
934 199 47 751 378 851 187 125 644 253 409 53 49 48 96 740 203 583 203 759 584 670 954 707 183 266 442 85 928 977 232 583 138 664 576 994 172 862 832 47 523 461 336 243 585 142 538 353 201 933 884 65 44 332 459 228 778 661 310 341 797 154 396 364 123 381 574 418 545 885 707 974 918 163 862 100 52 970 558 615 364 134 631 55 816 895 223 31 831 810 679 616 536 610 618 378 84 137 97 410
35 990 476 893 501 635 190 685 413 928 980 707 478 266 50 903 805 596 215 741 728 243 94 478 876 582 812 657 557 848 808 580 396 811 865 761 487 351 42 532 403 770 145 272 877 582 133 611 856 946 566 351 579 839 507 42 855 527 665 360 842 295 612 749 809 204 843 183 52 313 257 156 24 695 165 864 108 476 556 545 910 903 998 49 169 430 37 408 883 263 862 133 480 169 174 567 371 222 162 743
654 945 670 294 315 265 941 627 977 297 519 430 799 856 941 789 739 483 846 692 143 930 869 619 172 926 695 571 638 502 56 1000 145 58 153 298 548 139 271 614 525 519 998 351 912 901 718 633 55 38 415 80 950 958 640 60 990 941 905 851 793 781 597 138 675 221 624 753 924 305 745 456 549 415 24 597 606 383 282 126 250 824 389 479 998 816 848 268 216 27 812 316 942 824 247 886 313 394 804 209
168 397 591 290 311 72 178 674 319 705 323 150 499 414 362 87 671 432 797 673 605 796 969 508 737 154 746 441 662 35 77 316 728 278 481 837 581 950 747 759 58 486 671 99 267 460 507 600 330 765 942 572 554 649 831 677 388 180 975 950 643 456 127 466 33 737 356 158 638 400 50 549 72 135 906 609 796 120 113 290 203 798 66 72 639 801 356 97 654 35 346 629 737 954 453 265 585 838 346 403
626 843 264 989 48 53 93 882 295 207 120 688 132 575 70 53 913 942 263 391 748 853 902 698 972 301 102 962 914 980 374 200 644 212 844 197 317 689 937 795 559 587 578 389 261 877 834 591 346 840 468 290 56 39 637 680 433 882 162 419 532 770 607 920 712 630 838 24 248 962 881 649 780 102 807 837 244 340 202 432 992 407 529 730 356 270 863 308 591 432 290 912 814 4 292 465 727 409 443 181
221 787 460 788 514 939 26 376 220 739 974 587 309 139 699 102 654 248 736 667 343 163 118 126 159 564 665 722 86 831 135 980 455 239 608 146 594 491 102 891 312 895 831 543 401 929 925 284 710 840 554 780 389 127 881 264 985 545 891 66 546 341 116 573 175 864 958 137 995 804 420 167 530 4 851 615 381 568 348 333 182 602 763 584 993 72 695 231 624 837 59 349 201 778 963 571 303 529 597 408
773 587 38 381 314 771 102 592 589 843 775 438 433 639 566 425 647 491 42 195 832 603 714 717 556 138 364 87 961 374 541 268 261 596 500 449 281 682 187 779 658 820 50 208 520 75 609 480 470 174 881 15 808 215 913 214 54 971 916 133 574 922 768 125 753 859 225 439 975 315 573 967 345 709 299 165 610 737 756 993 358 736 379 489 461 540 988 845 677 672 549 798 507 949 902 549 218 725 582 780
698 611 233 444 343 646 143 901 128 108 516 385 64 715 241 94 203 642 163 450 265 351 318 680 853 232 952 711 536 545 441 545 739 641 810 998 696 761 82 688 882 898 834 817 839 725 785 980 8 268 950 65 506 29 939 130 424 541 641 131 523 492 427 362 897 199 531 740 281 945 103 299 435 461 219 348 847 189 515 469 225 906 386 785 966 510 849 934 510 169 377 208 324 269 891 649 515 278 29 66
185 763 483 134 782 789 687 344 317 687 551 953 640 850 20 58 801 341 380 888 157 149 893 608 253 892 415 658 602 952 89 307 604 484 414 686 335 246 591 987 272 734 605 572 52 731 262 46 135 571 694 84 493 450 395 486 759 53 800 861 778 295 148 286 876 123 744 824 236 121 216 820 788 76 182 7 316 297 657 521 798 475 563 587 995 682 440 13 913 10 179 196 828 710 981 111 827 286 839 248
755 46 111 1 518 81 619 593 222 883 404 985 369 593 244 665 682 432 787 561 752 398 489 286 163 97 80 251 879 524 26 540 457 103 140 381 605 785 729 553 872 635 761 545 243 456 62 139 416 850 163 39 266 875 900 845 981 238 380 574 543 95 831 733 197 551 707 984 281 475 792 108 94 810 527 313 823 790 210 262 666 823 109 851 558 791 649 429 133 399 691 371 264 577 472 690 905 771 663 262
504 601 420 393 208 916 851 300 812 750 554 994 227 128 324 346 661 836 518 801 644 426 695 458 204 571 475 361 783 516 80 929 899 208 79 885 63 65 678 379 206 279 376 671 680 214 255 576 290 945 584 346 322 417 70 380 856 82 585 149 974 159 697 507 835 745 357 346 501 640 618 288 988 859 770 582 967 932 652 148 881 206 817 445 584 888 78 504 93 979 580 293 233 247 370 693 429 993 288 186
221 178 49 168 518 571 692 244 863 559 651 449 294 364 829 425 193 945 891 298 739 527 370 723 990 619 566 352 929 874 919 479 494 344 123 898 206 759 829 57 710 902 306 565 624 821 101 19 69 414 42 234 901 231 591 855 47 716 66 37 78 412 183 600 947 263 941 363 2 581 797 884 818 595 120 527 588 234 117 459 891 30 310 777 123 375 754 622 682 839 831 189 978 746 123 889 342 425 668 800
184 193 289 312 66 395 334 186 671 617 555 941 688 879 701 303 857 7 588 419 604 858 25 486 779 595 209 948 751 686 308 666 876 41 759 761 505 184 991 558 610 436 46 391 926 41 591 340 847 148 180 652 799 274 807 110 542 876 772 140 385 95 316 686 850 574 852 265 316 171 284 352 430 804 370 648 229 149 254 318 895 744 433 742 526 9 455 507 437 18 924 334 986 336 33 176 249 175 624 712
875 164 75 602 766 591 81 470 19 936 176 295 499 120 953 330 140 922 871 30 743 496 664 857 714 310 538 513 250 67 167 256 199 659 866 899 769 694 83 312 450 923 124 776 683 106 638 822 749 489 232 919 830 498 153 422 196 456 436 770 996 895 95 419 57 504 764 813 664 232 337 187 561 418 75 921 829 449 704 911 764 466 916 34 832 226 632 154 562 645 770 376 694 82 217 967 9 315 417 513
762 632 948 345 240 453 144 777 642 274 651 220 229 414 650 967 594 599 555 237 417 772 460 633 364 737 582 12 238 523 809 608 183 231 179 512 794 501 338 486 851 568 665 105 899 340 594 533 890 648 752 70 127 542 772 382 468 428 43 797 253 619 680 110 641 353 776 995 369 177 365 420 261 22 78 117 472 737 825 34 619 439 196 303 464 524 136 249 667 658 108 949 350 600 845 540 51 473 761 2
999 61 643 131 479 11 415 694 640 789 657 438 201 542 728 946 527 366 229 160 275 709 541 868 597 727 519 738 359 766 840 723 297 262 64 563 607 717 773 457 797 133 224 800 775 729 351 335 249 120 716 355 400 59 884 865 55 119 583 541 845 169 905 551 757 297 634 947 842 709 372 963 742 864 743 346 212 955 327 923 73 182 97 230 707 151 136 334 761 45 382 203 498 433 42 995 27 208 568 500
892 362 447 214 477 522 400 116 119 349 874 414 926 868 269 715 494 14 617 635 751 670 809 173 691 627 162 383 166 696 595 667 115 479 650 150 117 572 320 38 139 397 715 307 239 270 150 623 639 816 452 187 606 934 278 773 153 469 380 728 705 168 339 28 792 35 368 707 62 105 629 743 602 571 736 399 20 267 717 259 20 345 983 115 721 850 444 166 661 967 736 44 451 408 47 593 140 721 378 916
888 526 128 400 105 107 711 855 864 524 997 490 752 610 153 842 991 751 951 808 392 546 653 115 100 865 794 938 762 509 950 36 32 393 130 722 845 997 885 117 152 112 7 483 91 52 224 277 531 766 768 33 787 640 281 542 561 657 730 544 309 561 973 714 215 396 15 508 309 587 188 724 424 865 604 311 756 185 129 695 992 147 713 716 921 282 189 517 481 452 564 802 993 743 459 863 146 590 203 229
685 105 860 214 619 535 262 21 945 454 879 70 751 813 615 49 66 870 908 221 791 5 616 593 544 944 364 831 749 176 186 870 530 117 727 59 289 161 678 459 617 572 39 912 480 763 675 713 193 43 78 458 763 842 70 448 982 701 973 497 133 30 657 525 772 342 328 792 974 295 945 284 466 201 42 129 256 823 523 623 200 900 455 757 181 118 138 183 894 400 634 345 761 49 288 953 992 324 43 552
685 104 707 293 486 786 132 79 964 480 560 396 132 91 58 625 749 823 543 886 18 159 978 303 773 381 320 309 327 935 896 908 509 968 43 311 872 36 14 861 520 423 937 921 468 107 336 648 951 887 222 134 428 873 270 769 386 84 462 418 715 285 626 412 725 843 182 803 870 839 241 500 288 983 773 527 531 208 856 772 185 720 795 331 46 747 702 757 503 607 949 345 938 449 534 37 62 391 949 765
410 683 387 543 546 419 338 257 968 861 869 516 440 371 287 858 620 397 555 802 569 66 379 975 972 255 696 174 202 133 191 75 724 275 649 883 939 578 301 57 709 992 459 584 809 319 352 993 801 146 453 538 575 258 382 655 625 158 785 934 672 878 432 604 894 195 697 694 195 216 169 547 530 250 794 32 190 545 387 340 685 739 735 537 795 561 257 331 232 839 353 33 465 268 514 884 599 759 394 280
786 98 109 576 596 528 906 927 488 788 882 789 691 238 925 265 127 121 861 977 527 161 991 50 230 658 548 353 67 930 417 162 10 622 355 874 73 856 504 878 27 706 745 591 847 35 590 79 40 369 698 575 868 506 946 546 516 59 341 509 673 850 198 392 23 603 286 546 855 15 111 362 283 438 846 767 747 447 756 171 221 429 76 480 977 292 754 35 679 47 890 11 44 269 386 123 482 842 590 780
990 9 810 848 477 509 399 337 499 448 814 665 133 308 32 603 954 137 70 690 717 518 75 464 883 377 829 543 852 80 55 909 555 941 818 833 806 285 259 611 226 936 446 823 699 539 315 294 318 156 321 662 34 517 43 127 584 435 310 784 781 867 676 33 145 581 888 846 356 209 367 501 894 392 600 49 447 273 53 384 639 948 3 543 513 941 685 976 762 936 321 482 588 89 49 837 53 86 100 671
911 800 944 372 230 651 902 910 416 574 363 422 957 1 79 304 762 443 243 106 362 956 449 484 152 543 330 360 163 732 731 971 715 348 809 56 264 776 626 557 927 478 916 822 700 16 859 702 290 541 633 364 744 84 3 82 916 512 274 128 667 587 566 627 766 985 76 272 278 959 552 513 911 339 322 66 544 172 978 468 452 428 644 694 734 419 938 859 996 793 222 104 429 727 43 236 488 77 839 961
340 639 702 320 241 49 407 379 591 291 239 109 848 765 299 365 581 248 30 251 256 477 413 569 224 700 149 417 190 74 282 593 894 411 100 853 986 439 954 520 828 433 281 565 481 792 731 245 400 364 973 399 368 418 368 930 435 335 777 249 161 446 21 259 954 472 684 965 447 1 859 302 33 546 917 308 186 571 167 738 616 619 672 565 654 595 78 907 522 872 412 518 853 727 187 511 132 913 152 368
385 109 792 383 640 955 558 551 422 454 924 692 610 70 465 628 44 313 947 931 444 213 591 5 757 723 361 316 182 20 84 467 705 291 292 290 702 872 548 819 414 285 428 64 527 23 433 953 471 608 248 855 246 480 1 241 197 639 454 927 508 638 36 950 496 678 678 532 864 844 459 220 896 269 788 21 724 868 904 177 574 528 965 633 648 845 890 912 842 574 944 868 655 655 980 975 832 164 658 378
487 666 571 459 639 842 463 624 554 399 186 590 164 137 131 573 174 901 432 954 344 333 316 769 97 143 388 54 737 169 511 994 192 924 808 640 586 685 612 401 869 746 818 174 159 358 665 740 492 239 641 654 403 346 139 410 540 140 687 79 777 68 793 614 848 622 243 620 708 915 875 870 944 975 327 838 81 826 238 281 825 762 548 189 200 293 850 395 699 664 946 8 46 642 433 853 577 627 829 447
743 755 792 540 880 64 449 873 142 868 483 75 72 198 107 975 627 537 236 171 466 202 92 785 446 381 879 597 67 622 256 92 296 537 173 700 275 936 463 459 756 302 257 862 546 545 736 994 160 782 429 503 269 101 682 963 332 98 384 96 639 519 487 162 704 103 680 244 120 182 477 842 494 249 922 234 936 901 954 506 822 14 119 784 745 156 560 883 170 557 430 644 789 493 120 495 742 227 518 592
388 827 84 532 358 922 443 409 738 919 903 659 39 689 562 238 417 835 590 641 221 121 414 56 386 633 563 558 710 407 931 954 699 899 95 84 358 201 754 558 239 569 895 189 131 421 290 580 858 636 4 590 151 608 857 382 944 122 704 327 401 288 663 60 287 962 29 964 855 360 544 427 333 474 149 131 755 30 515 247 349 317 583 20 116 407 833 176 286 84 83 106 27 290 30 590 747 838 787 333
294 77 340 485 361 633 173 315 483 535 852 419 904 344 876 42 787 672 582 108 21 572 633 185 661 320 328 573 164 94 882 519 188 671 621 805 161 54 830 975 633 338 25 524 368 641 490 906 237 321 915 546 646 591 24 88 216 943 466 170 596 161 315 756 743 468 885 537 527 766 103 494 502 623 23 833 255 212 264 418 164 614 224 720 954 211 899 29 774 304 330 154 348 158 940 937 472 13 92 887
608 687 505 511 952 605 488 682 755 194 572 84 926 448 78 840 212 909 630 487 803 74 160 514 73 436 136 249 125 623 260 225 358 677 114 376 492 485 316 421 161 450 679 366 452 822 550 612 32 209 271 817 753 369 504 384 435 703 997 363 196 963 976 605 902 248 166 880 719 680 314 337 15 744 906 942 556 794 908 630 29 924 229 923 42 727 856 239 538 312 207 62 661 71 908 365 491 582 112 506
728 964 331 733 154 42 579 492 626 123 205 901 648 33 725 317 667 580 605 98 76 782 987 449 241 187 165 275 253 417 768 576 912 154 948 377 534 750 793 499 348 188 750 332 528 751 125 52 578 50 180 315 695 135 37 16 666 372 953 884 51 921 870 124 824 620 840 908 123 576 457 669 22 905 696 272 13 544 276 300 875 591 134 770 847 48 333 17 719 174 665 931 389 781 876 871 38 189 790 776
276 750 259 525 311 218 864 657 746 292 575 803 646 686 920 657 323 136 730 653 147 405 723 723 375 187 176 119 56 430 973 551 245 872 538 465 150 867 274 101 341 950 29 16 815 287 889 234 189 627 623 142 283 986 265 499 560 149 314 709 264 81 635 898 414 18 724 937 887 395 685 734 844 901 339 623 868 363 444 692 292 712 160 123 911 677 535 250 896 414 758 683 699 61 902 777 256 881 389 861
377 55 489 838 551 428 968 712 731 354 82 829 835 506 383 612 2 170 751 179 581 295 637 940 241 300 962 675 155 218 312 487 920 688 524 978 882 92 966 591 967 83 254 448 527 643 703 858 32 569 203 226 737 695 846 849 502 632 508 698 331 69 554 963 445 912 146 64 702 331 96 24 794 530 983 110 943 994 192 692 782 661 552 189 456 161 475 695 712 655 105 386 690 188 521 317 949 319 15 526
658 767 513 306 559 919 466 203 609 691 88 504 423 621 232 660 381 337 558 688 779 771 476 688 405 587 551 63 347 430 293 131 529 263 47 44 631 27 402 448 39 559 234 684 542 841 252 144 591 59 825 817 78 149 36 159 673 583 84 730 576 183 400 470 104 562 362 118 329 174 797 234 130 714 956 604 549 792 954 223 583 682 701 721 368 475 717 973 596 347 706 803 514 187 632 5 957 547 883 397
742 865 474 405 457 968 652 243 164 777 868 906 930 35 727 340 293 901 719 14 149 801 11 171 935 349 142 146 573 561 345 605 494 920 837 75 223 398 503 151 700 914 947 571 832 205 150 581 732 981 832 226 65 44 302 978 761 488 929 445 995 711 22 91 435 707 994 188 800 960 616 210 325 779 7 741 875 277 987 164 642 905 704 614 783 142 554 491 520 664 638 502 184 345 763 104 852 191 982 760
832 767 565 82 152 447 993 203 536 632 548 666 486 424 573 663 766 751 182 131 200 686 665 767 445 261 223 594 831 129 59 782 531 431 909 759 712 941 879 845 277 521 244 359 803 216 684 108 723 848 704 160 722 103 894 147 526 589 833 862 764 86 724 349 325 682 71 672 245 423 645 356 512 505 831 353 377 251 421 567 551 465 929 276 644 333 624 490 893 321 91 750 274 245 39 105 37 617 875 864
816 384 406 435 739 751 735 230 258 932 621 157 415 84 683 19 106 191 814 396 495 193 734 285 51 416 559 213 868 365 889 78 138 384 470 689 471 606 422 135 2 657 542 82 932 399 133 699 573 937 155 952 679 713 178 537 511 304 899 826 516 239 732 219 926 181 313 170 40 693 528 445 334 504 921 848 349 924 188 598 683 178 658 753 793 851 659 982 268 267 576 701 250 193 950 323 220 538 33 328
464 490 727 664 133 525 651 362 974 789 70 461 902 903 985 910 783 625 199 12 203 84 5 170 528 471 432 900 34 570 346 198 599 331 54 955 827 960 695 979 629 437 416 203 519 813 219 210 808 803 261 31 194 907 443 80 357 777 733 957 902 852 291 414 581 680 548 926 708 867 798 297 346 283 403 95 854 235 110 840 637 62 892 398 17 440 45 869 118 365 319 967 991 647 251 279 570 488 491 823
945 50 530 925 687 81 703 741 631 484 360 16 877 521 262 88 362 208 943 959 995 59 875 141 113 159 175 793 261 436 604 904 355 623 920 628 407 253 158 705 128 516 675 41 14 248 899 607 665 621 826 906 410 540 231 521 850 662 297 722 790 96 40 541 845 793 170 82 639 712 839 162 903 289 810 834 651 880 471 552 638 956 255 626 845 87 341 629 262 612 83 711 429 667 803 51 186 777 671 405
959 971 279 521 406 1000 700 231 678 204 370 262 4 979 465 405 29 102 364 540 408 606 111 577 733 977 940 950 448 381 830 364 207 83 127 155 944 71 702 360 816 957 211 403 380 566 7 705 322 599 67 40 410 365 476 513 278 814 97 118 684 233 353 441 154 733 439 223 989 691 526 212 3 449 687 604 79 363 737 513 486 455 534 73 11 600 977 399 543 670 62 952 85 946 570 948 512 367 110 533
766 962 26 65 226 85 545 832 553 370 81 368 4 791 842 598 747 856 7 5 664 890 163 774 907 893 789 72 847 367 139 573 443 435 296 262 596 84 159 146 937 879 483 282 779 382 113 940 538 917 279 555 830 114 975 265 94 285 835 599 753 622 297 945 389 656 793 286 589 45 528 648 560 671 180 563 177 947 187 50 260 236 365 185 462 82 780 264 809 501 546 46 428 787 294 594 294 336 799 393
332 640 305 718 865 496 325 681 168 593 160 982 88 980 653 466 394 413 952 373 255 46 111 264 957 313 929 414 934 274 957 442 639 709 421 758 611 152 614 678 201 338 71 336 392 224 10 128 610 952 267 944 18 492 327 26 449 122 330 549 73 773 961 464 907 645 742 728 899 144 911 648 536 309 384 160 370 945 404 759 568 620 128 405 830 437 84 866 347 751 138 620 963 611 265 316 311 58 864 293
426 530 283 778 498 342 513 4 308 102 407 10 404 842 309 707 631 253 583 461 317 7 159 653 515 539 954 46 821 142 906 33 120 484 966 670 120 696 770 871 811 381 528 895 806 255 449 897 793 107 113 251 574 958 197 644 569 887 588 422 150 620 508 562 550 824 179 820 791 931 644 6 964 719 233 390 642 352 51 775 981 723 847 870 575 899 195 162 272 160 409 503 433 821 343 450 930 614 650 495
311 242 160 838 283 559 992 131 655 11 205 465 457 60 753 779 843 602 551 423 880 620 892 910 968 234 588 732 54 264 609 389 150 666 72 180 958 937 749 620 416 510 8 514 615 974 931 777 438 17 222 324 431 512 533 769 450 990 175 213 380 168 689 983 841 954 916 937 265 42 468 976 496 868 641 572 321 674 703 136 797 5 973 819 533 685 102 191 26 243 593 48 869 41 206 726 100 167 326 260
414 977 497 478 411 96 563 935 286 83 487 957 875 211 192 509 210 709 261 782 616 954 718 273 195 450 68 701 354 158 384 24 923 104 355 358 999 824 518 612 27 431 377 748 824 124 145 964 576 887 915 77 838 306 417 697 893 932 99 51 226 661 197 292 649 522 753 612 954 882 587 857 889 672 2 679 673 475 882 301 376 251 155 761 713 260 113 351 162 765 37 773 472 617 281 597 716 445 344 589
127 576 88 513 23 68 964 400 570 736 278 323 594 869 819 407 690 740 22 933 854 835 305 320 5 506 171 22 281 208 824 746 917 370 687 896 781 646 834 505 617 123 751 602 669 222 500 48 91 79 481 62 460 61 577 886 616 278 992 901 258 3 924 987 358 826 18 535 394 385 303 240 142 79 198 402 379 971 141 376 443 467 614 284 181 931 262 460 875 43 774 127 65 234 263 23 692 204 869 822
336 930 804 725 238 96 803 427 267 800 720 792 646 37 867 256 757 230 638 613 667 569 211 565 59 962 236 981 206 423 181 286 312 98 436 537 114 987 560 242 63 111 109 271 260 715 597 201 69 228 17 580 908 331 929 344 2 321 972 362 81 693 249 566 7 741 88 258 149 989 240 321 701 875 396 977 470 813 40 826 49 75 318 979 909 439 802 441 455 9 924 945 850 245 372 534 362 456 494 807
271 379 757 986 542 75 405 904 225 665 293 812 378 918 747 726 396 208 190 115 279 229 597 593 922 825 271 832 216 417 615 783 806 84 78 851 798 154 758 632 801 587 151 573 727 487 252 651 146 294 998 375 928 760 575 413 554 366 541 294 302 25 675 675 353 547 418 604 92 6 477 16 248 83 948 644 147 344 123 629 252 236 656 378 723 718 461 418 425 523 613 353 607 696 828 519 363 831 537 568
966 317 555 596 275 959 376 563 552 862 415 600 34 841 15 54 942 490 118 635 96 658 644 598 5 300 970 802 896 864 870 232 572 663 268 71 338 493 43 193 461 384 189 789 341 621 479 27 340 366 968 162 676 245 298 871 417 818 807 942 15 400 496 714 742 574 372 936 221 258 709 787 293 946 176 509 186 310 305 35 454 51 342 384 77 558 643 92 346 447 551 175 516 258 95 888 847 261 215 253
360 280 171 370 611 253 145 49 275 979 317 920 129 996 980 811 687 472 47 584 947 679 149 428 69 110 300 630 84 146 159 811 59 793 48 285 813 705 102 899 672 265 575 968 743 136 158 950 555 91 587 224 855 709 214 728 548 125 132 184 225 854 155 208 907 289 422 267 70 383 799 295 863 822 72 560 460 973 50 474 207 439 599 944 41 747 169 149 544 894 135 764 256 46 959 74 980 207 140 241
752 318 526 761 697 232 585 892 860 907 304 336 711 757 729 239 370 443 421 419 778 704 928 781 737 167 480 331 914 997 839 922 733 160 351 848 219 46 428 63 6 886 888 902 814 51 539 832 666 767 739 409 968 928 108 475 229 814 825 496 960 387 634 978 163 250 282 491 243 961 108 417 740 264 215 917 964 480 830 290 944 288 97 11 925 659 767 119 412 708 109 958 944 699 931 316 103 9 833 731
932 57 811 23 534 598 28 596 798 887 780 82 926 112 750 211 710 710 685 102 189 688 905 613 996 59 749 515 818 84 932 433 780 562 830 348 462 221 194 183 633 438 348 462 469 858 974 512 919 550 220 70 661 73 949 103 102 230 951 827 880 687 538 51 426 840 823 57 321 90 56 655 410 803 138 239 467 717 725 732 29 797 852 323 151 84 575 70 130 599 980 334 976 69 634 680 471 635 423 812
933 638 720 59 592 540 375 630 643 571 66 863 488 659 635 161 858 620 592 956 808 175 446 394 910 952 450 677 109 215 338 935 508 773 767 445 762 669 458 429 341 762 447 130 405 237 695 178 448 822 154 653 671 585 565 209 619 153 551 146 925 260 401 538 502 704 954 984 727 480 648 163 601 136 621 397 296 902 358 587 473 807 694 9 885 681 293 937 937 126 153 466 413 448 663 653 293 935 258 99
535 725 671 639 557 222 577 805 39 482 174 943 376 108 387 812 816 269 560 815 988 421 590 637 589 334 551 259 405 480 31 740 967 233 772 208 61 549 645 817 931 326 762 295 769 176 950 399 143 738 282 396 253 537 176 267 61 955 210 373 238 258 211 676 889 127 223 358 402 440 727 621 108 230 442 3 689 589 618 863 986 400 378 207 214 979 169 512 762 302 917 910 420 48 796 374 437 978 91 669
313 621 762 820 381 664 906 564 825 554 783 701 926 44 171 779 97 905 225 400 658 283 980 65 268 575 308 963 94 312 193 567 457 310 543 659 437 727 61 759 216 666 907 686 312 710 771 622 725 37 949 134 30 805 983 683 817 742 715 440 185 56 797 413 72 746 426 429 762 545 628 199 617 893 15 190 37 837 761 991 67 54 564 126 589 232 338 430 311 138 482 829 707 565 662 503 366 428 608 780
583 497 459 251 311 969 554 796 629 275 987 911 869 459 756 635 996 867 691 458 354 136 768 959 662 161 309 245 862 805 363 880 17 563 899 937 14 333 603 151 767 381 566 62 172 734 788 216 893 187 831 231 877 536 289 374 966 718 745 195 987 638 353 393 381 819 379 249 358 36 32 815 115 229 49 729 987 685 148 861 995 133 413 975 97 117 966 203 365 830 187 311 818 583 330 188 270 412 316 263
345 674 495 761 527 735 91 797 213 967 602 213 386 346 973 449 9 752 21 961 538 980 678 740 88 79 253 807 737 702 969 282 219 904 495 924 454 428 654 123 440 955 237 755 805 807 618 986 252 795 841 716 274 73 350 870 398 363 530 685 760 432 420 716 995 506 215 916 677 887 266 275 28 265 438 283 127 47 968 474 806 586 102 481 548 648 252 156 958 198 451 840 69 179 756 967 736 156 657 486
501 82 917 575 644 329 921 313 521 932 305 475 49 787 57 226 786 347 472 243 922 689 317 523 94 971 477 757 355 456 890 264 887 341 348 407 280 948 982 665 122 67 913 653 137 202 382 811 218 998 34 118 246 693 726 770 519 806 4 903 665 119 881 817 936 508 628 55 873 129 770 397 861 338 558 577 990 35 997 16 500 391 151 525 329 453 781 885 680 219 318 409 40 932 682 996 982 771 365 442
775 119 448 269 8 862 802 225 272 776 520 478 303 530 735 917 133 487 765 104 711 45 940 782 989 765 863 579 996 586 786 202 384 842 937 425 674 983 626 87 587 38 762 672 808 148 121 274 42 811 658 738 640 865 626 436 822 721 36 233 426 292 880 317 334 235 900 587 208 475 917 865 720 743 952 38 636 51 447 799 626 249 863 716 938 478 545 520 61 950 791 592 475 8 256 831 685 961 139 552
419 132 386 333 463 274 805 645 931 206 218 750 184 554 498 174 114 726 855 341 916 600 750 90 43 826 234 999 79 557 741 191 800 420 429 936 738 472 468 421 841 8 723 788 938 522 953 49 437 916 186 13 822 158 619 774 686 143 513 265 969 930 891 188 858 742 532 785 81 978 789 82 198 302 811 323 522 512 999 504 293 379 546 524 741 979 568 218 413 261 664 740 869 985 213 52 465 644 172 438
448 260 424 376 136 815 873 583 603 75 490 75 522 343 2 512 205 213 797 647 757 631 698 757 253 369 95 695 152 752 258 768 900 181 986 807 729 907 352 465 978 41 754 825 933 756 14 713 241 361 213 337 741 844 78 417 357 463 671 23 980 874 3 937 702 341 416 431 796 407 934 485 491 408 570 885 107 83 150 261 810 619 480 502 4 704 495 807 107 985 206 748 811 721 102 547 135 634 777 596
146 265 335 443 929 401 760 152 349 225 87 268 153 626 100 5 179 42 855 234 602 567 827 192 699 126 25 518 634 783 714 687 123 785 359 880 508 767 165 984 551 526 649 606 576 821 614 860 793 128 449 117 6 332 430 965 282 715 446 361 82 346 351 896 929 850 347 162 783 172 612 94 940 496 686 925 316 477 481 653 734 45 306 904 71 468 817 397 888 155 834 403 428 369 891 447 53 63 1 591
128 331 762 500 183 593 531 498 158 811 191 804 42 544 17 880 473 528 18 431 497 570 63 599 453 403 527 125 381 951 167 591 585 970 557 25 842 127 207 196 919 382 786 900 461 51 923 218 655 434 637 44 185 627 49 174 345 354 540 340 953 206 904 982 647 274 38 801 648 445 888 715 291 796 828 803 219 339 771 274 916 766 742 701 890 88 137 38 738 356 856 464 68 639 261 23 473 584 97 924
455 242 190 260 337 764 259 400 377 995 823 229 925 446 289 764 103 741 942 471 279 823 736 122 630 548 563 516 909 155 304 664 971 196 254 264 502 296 631 617 940 728 547 976 989 867 201 370 534 194 607 315 89 575 553 972 978 452 504 595 74 467 274 7 956 655 586 986 925 852 951 741 454 242 786 959 296 633 823 154 987 194 202 666 149 764 196 885 545 947 97 983 524 337 472 186 947 904 608 436
771 562 798 100 231 953 482 237 819 304 105 778 697 423 712 66 767 263 53 518 991 451 667 768 509 372 515 498 556 236 468 439 474 934 43 406 46 976 521 247 974 83 25 420 457 926 405 628 463 675 28 720 133 224 673 717 586 606 224 638 844 941 474 823 569 652 827 826 681 853 128 855 628 249 346 685 678 374 980 32 612 89 157 594 2 403 227 851 701 734 274 72 314 714 880 553 816 431 459 169
825 7 652 963 857 458 843 211 249 800 177 650 437 850 116 339 444 340 165 978 714 578 240 196 520 875 462 479 329 786 83 691 612 730 470 567 694 203 788 264 950 78 703 25 72 581 491 137 101 595 907 879 145 472 430 349 996 90 692 927 556 934 715 830 75 864 343 59 117 712 909 314 87 662 961 158 167 611 826 290 569 222 60 704 429 730 173 169 280 74 294 386 45 887 679 186 869 39 183 759
201 213 911 584 788 124 758 297 246 775 590 657 301 618 289 197 34 900 738 127 75 805 893 33 131 320 822 141 591 675 786 485 309 588 441 382 117 811 949 568 746 530 623 224 933 304 54 523 151 722 564 845 820 836 426 636 553 846 915 115 173 42 135 649 63 960 375 687 275 957 738 646 901 547 686 434 159 62 978 524 500 434 519 512 520 7 478 768 291 905 233 372 155 619 411 387 248 284 985 912
699 605 134 354 944 382 220 159 362 50 496 834 505 810 230 969 933 280 980 730 885 627 435 734 40 186 757 105 16 969 818 459 949 773 781 404 847 34 92 936 392 873 864 734 955 184 340 191 599 956 416 346 715 896 148 148 703 297 948 707 592 480 420 752 879 517 520 418 532 445 208 87 922 629 309 827 992 483 476 42 196 922 152 521 770 304 267 406 728 887 136 187 798 862 528 474 313 915 914 232
33 39
1 91
18 84
