10 10
6 3 9 12 19 3 0 16 11 6
15 18 20 14 14 8 1 1 2 9
8 7 4 1 16 20 0 1 14 15
1 16 5 11 20 16 11 17 17 18
15 13 12 7 19 5 3 7 10 11
10 13 19 12 20 10 6 2 20 17
2 9 16 17 2 12 3 20 10 12
12 12 16 4 19 13 3 2 2 11
0 17 15 13 10 18 19 20 11 13
5 11 9 10 6 1 8 7 8 17
200 757 318 818 80 358 157 250 412 382
893 745 345 332 24 852 920 618 13 825
688 231 925 418 81 709 970 118 748 279
564 775 120 31 306 735 241 940 611 766
485 867 355 630 773 699 961 172 268 935
250 828 806 753 21 868 543 880 72 761
372 313 311 283 674 179 834 749 961 781
174 788 657 691 682 787 199 256 964 79
301 615 17 789 833 987 889 457 63 677
651 776 977 811 960 66 126 819 758 902
7 4
4 3
5 9
