1000
77283 522113
160094 331814
92497 553051
425804 589258
502186 993250
56419 211473
534753 913441
514552 573912
491941 673883
78863 80162
280322 458716
160659 726717
141872 519759
448550 788229
176659 702505
57262 743261
185830 895638
180809 442769
580498 682094
181588 563052
32938 282289
257098 511150
698362 837181
706007 876446
533770 983565
14406 49873
325532 512879
234575 426425
88771 826136
2697 167626
82023 936042
620364 647143
56209 591542
403929 561443
212914 737725
302341 624523
63976 399322
624021 645010
294872 914752
251783 318356
331425 435237
65065 234615
118756 637491
522686 609982
169985 826680
213299 278417
663935 681492
485536 683086
11737 151616
552254 935634
389202 568773
590148 796678
58083 507627
110926 349105
287024 711429
40148 82788
720066 859689
218115 346089
417507 687230
305255 315056
306419 704761
193814 244615
11855 974604
65717 426319
19217 94940
338185 392214
246522 673235
232847 521216
327077 459732
407836 814234
48460 272816
539309 813906
377842 460634
539479 867995
205460 302840
554757 560297
149809 918952
273223 779457
131242 384881
492695 610113
932526 990128
586734 877495
211924 368846
34080 321450
694700 745532
536077 722056
369385 638227
67698 315504
951100 963460
82160 557425
577752 974789
553942 719967
168326 176803
466256 629313
904108 996021
197523 476511
227745 920667
40627 403279
191665 533251
57488 761636
566513 692889
183800 285579
913248 979227
9309 203695
144372 942177
129338 181108
451537 941439
378315 699178
710649 921404
509079 905140
720598 729933
76931 430584
53383 634346
8263 935587
623421 696005
289387 697519
278387 386309
438594 524398
427906 917673
227698 240739
602854 774402
14764 792426
528048 873650
60212 505158
499820 635370
181201 955165
265234 306752
305455 467793
901155 992360
137906 201813
228977 762759
158384 428611
62605 692244
328564 397289
284268 454619
380987 915335
142097 714218
78617 802473
360945 876132
683165 763328
211030 548481
37568 466059
224176 523498
162438 573145
534856 650198
221303 384134
378270 983548
761534 856787
435550 899276
464445 658945
333859 825759
150715 476995
408196 460175
668014 792652
622533 723336
961360 962986
543066 708053
43085 939999
773494 899824
258209 781527
437120 983590
154269 518073
464196 890985
823744 876391
173832 701475
256508 334997
504081 606986
482595 632347
16348 160170
526915 844546
196501 709847
444584 925260
44344 451524
110967 332597
14177 317839
598031 742442
125488 716154
721607 789110
303842 722401
58215 149899
270956 858733
681331 713216
398427 490801
222507 962776
512804 888637
197378 363816
550549 965610
297338 510604
556104 855251
236730 361241
207546 661082
557635 820206
621900 967692
531214 892231
292760 935461
381018 633219
561959 597392
580431 897264
117622 152015
249690 837204
640213 738431
469484 737047
504058 985727
44472 510571
426987 692103
643398 929825
413291 783017
24533 608698
521534 676219
798989 891608
962635 984750
373473 949038
593711 644674
243793 629967
435138 851204
363572 718992
672247 713253
43103 892954
645710 847287
332107 864293
539017 814881
563331 590659
180513 532392
92509 430958
164711 735156
565311 699680
411475 641900
159766 971734
318379 518563
639382 811550
587948 916431
9730 462609
323904 390368
49969 589849
561756 940321
137354 201935
255889 673511
115915 286197
165419 221012
491049 758623
9732 593618
226674 867232
596712 849809
387974 648788
811529 852134
268589 956815
324275 392326
58191 717238
546622 647629
174384 782293
176808 970369
680101 947749
92224 183476
305517 798696
602398 799451
29103 560551
140757 656758
469219 613471
240414 895062
420623 512355
183658 500257
183511 778448
195804 990329
411195 589094
442623 714726
513205 752067
331435 925577
852637 885030
274176 368749
577098 794292
155797 362344
713932 935514
279609 453107
186743 876919
434249 948284
456766 918254
359720 641055
221196 373761
153242 631909
362787 596931
48539 968449
144319 602906
380156 644775
10216 154060
320583 975141
210385 242189
296043 440692
432008 690355
475997 584441
149497 632702
68787 660763
331200 853173
384851 511996
760537 942749
435838 969669
54472 530100
282658 431591
698555 838831
61143 388359
965493 973276
426763 967023
80765 316111
899044 954999
83805 634645
632817 831963
2710 445400
723322 835999
753038 820913
13751 707062
192388 923852
390307 622407
690267 817551
426507 552841
130362 571061
270169 433415
144906 292590
319192 581031
118517 171511
685184 864679
15089 723051
360868 676726
286304 495033
380716 747014
304424 809742
158170 683673
351526 394020
163919 205395
35437 437010
9536 13680
425019 464689
66512 367997
254619 981189
353512 834581
297265 839232
28626 369115
109590 123053
350409 558422
27625 867774
107568 997074
511262 680657
368427 427615
479713 654720
216980 670777
31593 662400
117562 303820
190225 291752
354213 947180
41968 981482
420599 782876
538064 853031
510032 628614
288822 554226
82278 191776
79519 668603
586161 733289
257370 405746
723330 863274
210013 897723
660362 706562
205804 686106
283221 400179
139814 713839
124776 356963
354189 759308
499507 901471
419230 562863
536479 998602
455307 587775
30818 994093
440942 541811
556714 742017
518675 603034
779955 994355
140406 159729
470483 977201
219097 395999
8928 654336
496908 702150
449247 489196
43001 359060
96142 227362
69553 174546
439443 776178
89457 822468
99691 914171
98242 663132
280230 782925
618748 920100
228426 963956
478980 522824
241129 857573
319463 525739
47114 932498
43325 179075
757996 826226
589711 640843
101383 386217
432031 854814
708419 914418
434873 808526
103802 357029
506546 521204
72651 779695
605783 636330
41555 736362
146767 537960
690249 923265
178912 589359
239898 998657
455533 706740
390508 572698
679745 853887
45679 630217
410344 673041
12611 678450
32619 810820
148938 560476
179088 870090
47885 690464
465115 697638
273618 886041
926195 992273
163389 813154
761992 935624
226032 487238
426576 888287
2164 94657
391347 868362
333660 709826
84698 442590
488176 541608
500299 535368
48749 819271
669485 881142
133481 254165
480020 506160
295973 962154
21474 656658
125713 280812
14112 43126
343761 570092
307233 939096
524755 583811
385022 862663
850770 897881
705468 880041
894992 976009
478222 738725
705473 961593
266098 733088
522250 917909
509806 599664
66982 414312
268007 318630
195125 212729
431307 475726
646946 655854
365045 690999
578735 902094
31326 384976
851293 997761
157036 278656
171913 713734
268911 396563
300336 409792
210203 533373
579157 845744
288244 296515
16763 628670
186667 227411
131121 404931
589235 640763
903312 983009
500688 638313
582781 587732
526432 933540
59130 332711
521385 572129
122127 839142
161292 855219
650054 822670
341210 923438
227470 686595
459409 679868
305872 598395
164649 877993
128039 231521
43319 276876
522070 978337
440268 807655
92603 470247
217707 297854
188169 737761
428604 900932
107805 433394
144261 250107
37072 710401
250933 526655
447843 864435
639414 872318
281995 964226
491298 752432
124906 980182
163160 692166
656195 871371
138850 212341
110948 185304
405772 528248
24827 723504
258339 825415
119981 824540
31313 70320
39074 930690
278803 808795
11804 882203
17850 990643
112308 337451
455994 595288
512525 723592
41928 161830
325530 863499
360758 433753
47712 467562
605575 681082
123204 749283
31866 217753
959634 988498
691214 813651
220019 842697
456857 839119
443393 732222
535711 842178
325693 832374
466586 603820
260393 767252
459402 557371
364942 516779
601829 751756
322524 615225
600331 778466
641036 844925
388478 511393
129635 929375
561516 914500
199879 224708
490635 963547
613656 966570
146418 712054
410220 806050
625894 700196
173947 551500
939853 992649
23094 380417
228270 337241
785659 887868
416978 862265
347038 833173
611977 693225
999558 999999
999558 999997
999558 999995
999558 999993
999558 999991
999558 999989
999558 999987
999558 999985
999558 999983
999558 999981
999558 999979
999558 999977
999558 999975
999558 999973
999558 999971
999558 999969
999558 999967
999558 999965
999558 999963
999558 999961
999558 999959
999558 999957
999558 999955
999558 999953
999558 999951
999558 999949
999558 999947
999558 999945
999558 999943
999558 999941
999558 999939
999558 999937
999558 999935
999558 999933
999558 999931
999558 999929
999558 999927
999558 999925
999558 999923
999558 999921
999558 999919
999558 999917
999558 999915
999558 999913
999558 999911
999558 999909
999558 999907
999558 999905
999558 999903
999558 999901
999558 999899
999558 999897
999558 999895
999558 999893
999558 999891
999558 999889
999558 999887
999558 999885
999558 999883
999558 999881
999558 999879
999558 999877
999558 999875
999558 999873
999558 999871
999558 999869
999558 999867
999558 999865
999558 999863
999558 999861
999558 999859
999558 999857
999558 999855
999558 999853
999558 999851
999558 999849
999558 999847
999558 999845
999558 999843
999558 999841
999558 999839
999558 999837
999558 999835
999558 999833
999558 999831
999558 999829
999558 999827
999558 999825
999558 999823
999558 999821
999558 999819
999558 999817
999558 999815
999558 999813
999558 999811
999558 999809
999558 999807
999558 999805
999558 999803
999558 999801
999558 999799
999558 999797
999558 999795
999558 999793
999558 999791
999558 999789
999558 999787
999558 999785
999558 999783
999558 999781
999558 999779
999558 999777
999558 999775
999558 999773
999558 999771
999558 999769
999558 999767
999558 999765
999558 999763
999558 999761
999558 999759
999558 999757
999558 999755
999558 999753
999558 999751
999558 999749
999558 999747
999558 999745
999558 999743
999558 999741
999558 999739
999558 999737
999558 999735
999558 999733
999558 999731
999558 999729
999558 999727
999558 999725
999558 999723
999558 999721
999558 999719
999558 999717
999558 999715
999558 999713
999558 999711
999558 999709
999558 999707
999558 999705
999558 999703
999558 999701
999558 999699
999558 999697
999558 999695
999558 999693
999558 999691
999558 999689
999558 999687
999558 999685
999558 999683
999558 999681
999558 999679
999558 999677
999558 999675
999558 999673
999558 999671
999558 999669
999558 999667
999558 999665
999558 999663
999558 999661
999558 999659
999558 999657
999558 999655
999558 999653
999558 999651
999558 999649
999558 999647
999558 999645
999558 999643
999558 999641
999558 999639
999558 999637
999558 999635
999558 999633
999558 999631
999558 999629
999558 999627
999558 999625
999558 999623
999558 999621
999558 999619
999558 999617
999558 999615
999558 999613
999558 999611
999558 999609
999558 999607
999558 999605
999558 999603
999558 999601
999558 999599
999558 999597
999558 999595
999558 999593
999558 999591
999558 999589
999558 999587
999558 999585
999558 999583
999558 999581
999558 999579
999558 999577
999558 999575
999558 999573
999558 999571
999558 999569
999558 999567
999558 999565
999558 999563
999558 999561
999558 999559
999999 1000000
999997 999998
999995 999996
999993 999994
999991 999992
999989 999990
999987 999988
999985 999986
999983 999984
999981 999982
999979 999980
999977 999978
999975 999976
999973 999974
999971 999972
999969 999970
999967 999968
999965 999966
999963 999964
999961 999962
999959 999960
999957 999958
999955 999956
999953 999954
999951 999952
999949 999950
999947 999948
999945 999946
999943 999944
999941 999942
999939 999940
999937 999938
999935 999936
999933 999934
999931 999932
999929 999930
999927 999928
999925 999926
999923 999924
999921 999922
999919 999920
999917 999918
999915 999916
999913 999914
999911 999912
999909 999910
999907 999908
999905 999906
999903 999904
999901 999902
999899 999900
999897 999898
999895 999896
999893 999894
999891 999892
999889 999890
999887 999888
999885 999886
999883 999884
999881 999882
999879 999880
999877 999878
999875 999876
999873 999874
999871 999872
999869 999870
999867 999868
999865 999866
999863 999864
999861 999862
999859 999860
999857 999858
999855 999856
999853 999854
999851 999852
999849 999850
999847 999848
999845 999846
999843 999844
999841 999842
999839 999840
999837 999838
999835 999836
999833 999834
999831 999832
999829 999830
999827 999828
999825 999826
999823 999824
999821 999822
999819 999820
999817 999818
999815 999816
999813 999814
999811 999812
999809 999810
999807 999808
999805 999806
999803 999804
999801 999802
999799 999800
999797 999798
999795 999796
999793 999794
999791 999792
999789 999790
999787 999788
999785 999786
999783 999784
999781 999782
999779 999780
999777 999778
999775 999776
999773 999774
999771 999772
999769 999770
999767 999768
999765 999766
999763 999764
999761 999762
999759 999760
999757 999758
999755 999756
999753 999754
999751 999752
999749 999750
999747 999748
999745 999746
999743 999744
999741 999742
999739 999740
999737 999738
999735 999736
999733 999734
999731 999732
999729 999730
999727 999728
999725 999726
999723 999724
999721 999722
999719 999720
999717 999718
999715 999716
999713 999714
999711 999712
999709 999710
999707 999708
999705 999706
999703 999704
999701 999702
999699 999700
999697 999698
999695 999696
999693 999694
999691 999692
999689 999690
999687 999688
999685 999686
999683 999684
999681 999682
999679 999680
999677 999678
999675 999676
999673 999674
999671 999672
999669 999670
999667 999668
999665 999666
999663 999664
999661 999662
999659 999660
999657 999658
999655 999656
999653 999654
999651 999652
999649 999650
999647 999648
999645 999646
999643 999644
999641 999642
999639 999640
999637 999638
999635 999636
999633 999634
999631 999632
999629 999630
999627 999628
999625 999626
999623 999624
999621 999622
999619 999620
999617 999618
999615 999616
999613 999614
999611 999612
999609 999610
999607 999608
999605 999606
999603 999604
999601 999602
999599 999600
999597 999598
999595 999596
999593 999594
999591 999592
999589 999590
999587 999588
999585 999586
999583 999584
999581 999582
999579 999580
999577 999578
999575 999576
999573 999574
999571 999572
999569 999570
999567 999568
999565 999566
999563 999564
999561 999562
999559 999560
