95
1281 6207
23 7781
2161 8574
1094 4294
7381 8823
730 8768
4475 6133
7416 8242
190 8907
3917 6820
843 2723
873 7392
6287 6501
3890 7418
2065 3426
7783 8140
4037 6198
405 3471
1931 4604
6688 8161
3259 3837
718 857
565 4908
3611 8863
5229 7355
519 1579
312 3821
3192 6167
2174 6214
2144 3536
5742 6839
982 8073
6422 8378
1461 8923
4110 6023
101 3469
3746 4430
2976 5133
3377 8026
6918 8648
1579 1661
2585 7659
241 7495
1829 2842
7025 7991
847 7931
5571 5626
5812 6546
1421 7477
1016 8597
848 7272
4903 6125
1211 4232
2827 6567
2764 5482
3334 6818
3538 4880
8967 9004
8967 9002
8967 9000
8967 8998
8967 8996
8967 8994
8967 8992
8967 8990
8967 8988
8967 8986
8967 8984
8967 8982
8967 8980
8967 8978
8967 8976
8967 8974
8967 8972
8967 8970
8967 8968
9004 9005
9002 9003
9000 9001
8998 8999
8996 8997
8994 8995
8992 8993
8990 8991
8988 8989
8986 8987
8984 8985
8982 8983
8980 8981
8978 8979
8976 8977
8974 8975
8972 8973
8970 8971
8968 8969
