99
2161 8505
766 4433
1026 8309
5494 6452
4984 6132
2779 8467
585 1669
8702 9836
5072 5293
3393 3881
5085 7366
3295 9580
5506 8187
2593 4632
1708 9530
1588 7382
1992 3416
6455 7403
1947 9420
1351 5967
5120 7004
4615 9107
3994 5902
1292 2928
7724 9607
1296 7629
595 9333
4199 9384
274 4383
2636 8978
6503 6906
9016 9815
5341 7806
7892 9728
1433 3556
6732 9554
4050 8468
2466 3549
2134 9565
2224 3171
1902 2925
7285 7563
3773 4877
3906 8595
212 4722
350 4310
3985 8097
103 5317
7176 7832
1089 1641
4603 5817
7852 8803
4669 6178
5445 9214
4701 9825
9937 9980
9937 9978
9937 9976
9937 9974
9937 9972
9937 9970
9937 9968
9937 9966
9937 9964
9937 9962
9937 9960
9937 9958
9937 9956
9937 9954
9937 9952
9937 9950
9937 9948
9937 9946
9937 9944
9937 9942
9937 9940
9937 9938
9980 9981
9978 9979
9976 9977
9974 9975
9972 9973
9970 9971
9968 9969
9966 9967
9964 9965
9962 9963
9960 9961
9958 9959
9956 9957
9954 9955
9952 9953
9950 9951
9948 9949
9946 9947
9944 9945
9942 9943
9940 9941
9938 9939
