90
4809 5163
1089 6888
1336 5586
3039 7465
1330 2917
2877 6762
1389 5597
7544 8972
2964 5213
7467 7818
3127 5619
3814 8191
2307 6892
3393 7857
5156 7118
7110 8405
2718 6438
866 5811
160 5950
2171 3043
1483 8209
7013 8097
4194 6100
2272 6180
3315 8132
3931 4279
3232 5038
4497 5469
137 6394
1271 2434
3367 8602
2539 5046
6500 7358
241 5037
1692 3662
3666 6106
1912 7626
8678 8896
4523 8926
5067 7168
552 1643
8283 9052
2730 6308
5031 5352
689 4296
2916 4420
9075 9118
9075 9116
9075 9114
9075 9112
9075 9110
9075 9108
9075 9106
9075 9104
9075 9102
9075 9100
9075 9098
9075 9096
9075 9094
9075 9092
9075 9090
9075 9088
9075 9086
9075 9084
9075 9082
9075 9080
9075 9078
9075 9076
9118 9119
9116 9117
9114 9115
9112 9113
9110 9111
9108 9109
9106 9107
9104 9105
9102 9103
9100 9101
9098 9099
9096 9097
9094 9095
9092 9093
9090 9091
9088 9089
9086 9087
9084 9085
9082 9083
9080 9081
9078 9079
9076 9077
