999
302866 421063
711716 719719
113095 221320
85236 377886
185347 589661
41859 808659
89074 586636
135532 647153
248424 425100
453628 688879
17651 797599
24627 54403
319163 679111
665256 812987
393926 973066
879539 962673
321866 403287
196995 222243
274075 893506
139812 497014
831713 911777
282444 631768
688561 866389
266216 636071
208385 501522
61709 366285
294856 451261
60060 969944
265558 463391
452126 581694
654396 737818
833185 843100
557728 738099
206948 536569
436630 727623
362940 429434
320846 897246
426764 509655
851981 896441
392570 479365
195942 718908
448629 904936
358024 735289
183746 211845
349079 920045
266975 751840
266888 338553
29375 812058
550169 649095
72336 224066
670925 851753
399526 452758
534264 996203
418095 536304
725449 948992
649898 841754
323781 456549
852080 856318
783669 857743
521211 847229
633197 813470
346304 554884
195873 329710
130100 638712
109120 601468
298215 565664
282912 463377
740871 780357
85375 658865
457480 770146
165378 421017
426323 595202
134867 155999
128993 183280
629976 827901
146780 664530
130505 735958
252021 389686
852382 887838
74631 983770
9350 763934
187869 229150
212860 403512
105304 795499
90328 533472
24428 391947
28567 331431
243521 949712
236660 914241
486502 853102
437832 770521
438264 672270
813309 962950
454923 737747
14630 888538
279928 554374
605463 913768
69231 632263
119297 729308
338545 424545
37676 933815
856633 961126
41298 444104
481356 540980
313634 642484
148805 638179
225599 266575
101636 323599
206523 331886
75098 178479
652266 745127
364287 889663
189338 648798
80798 303476
99323 391783
408141 427393
253450 931336
40564 408807
140087 899823
388220 526295
265483 486282
2103 10254
110020 624658
195755 782387
363748 519595
762259 790782
622716 908844
438874 626896
329928 531500
808713 843588
19775 940519
252060 896705
258300 439988
34013 150870
54883 446154
333216 603746
71900 858860
247767 740449
400437 529718
150848 720569
45535 527307
550781 858656
377751 619518
119491 741081
311357 955664
285975 586349
98526 295912
607143 787742
603313 956052
343344 775810
94895 959728
272673 795380
308483 583154
659592 983814
313890 610214
514061 971121
503926 832201
206644 503281
231964 649093
577857 951006
391641 457134
321201 857352
616657 868673
496553 544660
259786 822769
621244 743276
358468 395356
255264 525790
88510 700586
508856 528223
449640 850249
175750 202871
666514 914802
156497 466867
221992 698175
400937 955105
839786 972411
51957 793233
157642 573372
831058 928698
362266 617214
212876 782240
530685 554199
68129 258434
630934 928225
642098 667005
138684 319169
330484 627794
139589 321475
161907 331921
260195 507626
256910 329897
110696 242373
289434 644033
99350 427114
388842 464672
56470 737006
77952 181933
580806 995991
414660 724040
648362 711894
379737 793877
536359 665397
132141 508957
57839 741604
41620 822859
259174 530542
187905 258602
178045 344855
91567 198304
184566 338582
434564 803468
168301 238943
224227 227332
93003 580627
632675 820209
781112 826224
502007 939860
689549 922602
42136 252939
770851 781606
748231 990964
143222 311280
242638 602782
103621 725384
849373 867115
38035 578163
568823 861812
825267 965309
115506 736320
235666 365565
4552 383022
369451 451038
903498 971807
293555 577634
132378 854443
334037 873235
114370 386918
583845 995029
682188 884808
524092 550994
237498 560880
238224 952300
121156 967435
49119 855498
488984 870545
311850 564587
537635 550751
266664 801318
551782 666144
276357 678339
816940 857927
817978 896223
136556 158210
7577 604123
826339 832133
7185 822021
353560 763068
694170 901112
684167 988704
341978 398823
381400 480888
394284 926732
145439 196052
527291 756850
175560 781917
682429 722221
140392 389347
456981 591201
601391 972693
209829 914008
567105 761452
196355 828018
519324 885441
584439 973881
564753 790023
259436 783998
150101 691365
851586 899292
36487 344387
357535 778027
538834 577048
343923 361858
11916 939437
747345 852574
139098 439770
786208 791349
42850 204641
19237 641620
664596 700168
225239 589373
673566 911588
496604 525409
754063 805317
878753 946958
756613 929362
61545 987587
190961 229407
499936 584897
313775 423006
37521 847637
144106 215317
155181 581581
272748 985723
144312 592282
297753 361859
656258 750064
16762 449723
304547 834870
568325 586752
360022 658809
166337 908854
296067 466370
101086 295372
463451 796983
411761 952089
92811 680048
292489 713449
44160 860614
383966 696458
198112 370270
476915 621913
733548 881591
615861 764934
220268 681109
492269 810666
155979 271697
536442 598265
616182 696749
571508 784930
333701 346128
498411 511723
4943 219511
557423 665245
376214 592817
26440 812539
294688 544940
41108 962505
181376 929004
410423 865728
158013 544957
691732 940151
621268 687676
845553 994384
163706 902997
549541 876025
475279 853156
254419 661356
394443 805214
303454 356632
546240 740070
243233 515433
662198 809146
398282 482847
742305 942973
89522 523617
45203 110992
417972 676306
434471 453066
920203 965373
419605 663877
423054 446921
44595 179320
187404 848037
103167 368054
919174 977392
286007 659233
141607 817197
142933 744960
100903 350883
822167 939313
261411 805699
23183 558716
307116 678549
365994 991555
94537 944815
188601 580160
565245 710309
213662 529299
105574 140217
407062 999454
178854 361886
347132 349981
366300 563610
350393 850502
66179 457964
191913 404965
559779 831278
187309 618100
88139 270408
38207 286890
421474 997468
963668 982799
681325 893453
581699 690764
141080 823408
74604 242104
767427 901734
585895 801409
904921 979303
134769 376574
373472 957995
518803 783324
23767 349735
5354 783292
275776 322101
300579 842605
63155 969988
437593 822252
25884 767318
247553 982553
7088 632296
337552 634910
179566 542463
384951 779949
416372 934977
227548 991061
343452 835176
202133 659648
106680 731832
247083 744564
156839 220497
1751 535026
119415 789305
491808 666460
27340 514409
913018 921021
157429 608352
613373 992206
176016 816871
276783 708997
960038 984910
250134 305375
3018 25536
616828 928349
758022 963011
286977 830808
70025 329626
755067 798492
875409 905128
573189 709527
258988 814253
383644 550398
283454 958344
508749 910838
1363 726340
5593 301344
253825 317119
604162 845757
5744 574186
260079 412264
350856 459443
113683 549419
562427 574475
256582 633300
303308 883083
215043 500769
69451 280410
187002 517727
189609 490066
323622 434199
526890 681402
451650 543505
87723 293117
3056 248382
106120 779501
847143 906264
402968 520818
243066 794651
353365 962117
597439 711957
249372 846331
128297 676570
257069 910878
265738 283379
560506 571720
610282 934870
369941 434615
545208 549705
161629 369014
114666 151998
311498 540075
354210 914173
205388 484145
10236 653931
452417 613696
111100 926737
98772 99179
148708 599038
411171 531560
709987 962118
310022 904508
519064 833293
30536 487509
338453 912815
360020 381132
662369 911619
378324 703320
219759 480938
239684 371634
623725 955885
250296 396752
348628 817346
484388 732490
174899 881017
389289 505846
424870 750330
69708 454177
483121 811741
212260 810653
279910 892776
766762 788050
378706 465644
101238 323067
400161 427984
354871 641292
740515 898421
396746 935620
764189 797615
365627 953781
439078 777662
438208 793573
707019 910404
123326 671061
174381 599976
224413 868700
555712 564468
760561 864442
308347 381028
57122 216866
251720 874749
627924 706804
558283 779401
375705 926597
356180 553875
414104 466305
83257 496669
372730 985418
743724 974791
37363 343729
199095 616790
56479 883062
136646 202667
255665 643732
240764 546536
360761 425832
50740 822508
300738 955800
46426 162233
84644 572473
230862 371413
144917 878031
66201 78646
59104 862789
183402 444056
150369 638134
33525 597008
587469 643849
911063 933371
185317 951059
437806 913907
356927 716918
354716 684043
302009 408901
357670 796323
293454 908586
245956 970762
37581 645802
462237 924223
324925 789817
217011 584028
389314 888012
379404 584341
343448 472248
589541 726596
593264 596741
101991 288292
510454 841421
246149 514185
180554 685790
589895 771437
327425 787616
126324 797721
604104 878211
173839 809036
286781 758662
456241 729050
45247 646431
289812 345320
499188 611619
142673 851617
287562 743111
268940 896925
527607 648886
197147 902575
505831 986490
246947 744533
122074 713467
860292 986755
689230 702695
21132 102931
625547 671456
129762 449608
79889 259181
530964 751365
999605 999998
999605 999996
999605 999994
999605 999992
999605 999990
999605 999988
999605 999986
999605 999984
999605 999982
999605 999980
999605 999978
999605 999976
999605 999974
999605 999972
999605 999970
999605 999968
999605 999966
999605 999964
999605 999962
999605 999960
999605 999958
999605 999956
999605 999954
999605 999952
999605 999950
999605 999948
999605 999946
999605 999944
999605 999942
999605 999940
999605 999938
999605 999936
999605 999934
999605 999932
999605 999930
999605 999928
999605 999926
999605 999924
999605 999922
999605 999920
999605 999918
999605 999916
999605 999914
999605 999912
999605 999910
999605 999908
999605 999906
999605 999904
999605 999902
999605 999900
999605 999898
999605 999896
999605 999894
999605 999892
999605 999890
999605 999888
999605 999886
999605 999884
999605 999882
999605 999880
999605 999878
999605 999876
999605 999874
999605 999872
999605 999870
999605 999868
999605 999866
999605 999864
999605 999862
999605 999860
999605 999858
999605 999856
999605 999854
999605 999852
999605 999850
999605 999848
999605 999846
999605 999844
999605 999842
999605 999840
999605 999838
999605 999836
999605 999834
999605 999832
999605 999830
999605 999828
999605 999826
999605 999824
999605 999822
999605 999820
999605 999818
999605 999816
999605 999814
999605 999812
999605 999810
999605 999808
999605 999806
999605 999804
999605 999802
999605 999800
999605 999798
999605 999796
999605 999794
999605 999792
999605 999790
999605 999788
999605 999786
999605 999784
999605 999782
999605 999780
999605 999778
999605 999776
999605 999774
999605 999772
999605 999770
999605 999768
999605 999766
999605 999764
999605 999762
999605 999760
999605 999758
999605 999756
999605 999754
999605 999752
999605 999750
999605 999748
999605 999746
999605 999744
999605 999742
999605 999740
999605 999738
999605 999736
999605 999734
999605 999732
999605 999730
999605 999728
999605 999726
999605 999724
999605 999722
999605 999720
999605 999718
999605 999716
999605 999714
999605 999712
999605 999710
999605 999708
999605 999706
999605 999704
999605 999702
999605 999700
999605 999698
999605 999696
999605 999694
999605 999692
999605 999690
999605 999688
999605 999686
999605 999684
999605 999682
999605 999680
999605 999678
999605 999676
999605 999674
999605 999672
999605 999670
999605 999668
999605 999666
999605 999664
999605 999662
999605 999660
999605 999658
999605 999656
999605 999654
999605 999652
999605 999650
999605 999648
999605 999646
999605 999644
999605 999642
999605 999640
999605 999638
999605 999636
999605 999634
999605 999632
999605 999630
999605 999628
999605 999626
999605 999624
999605 999622
999605 999620
999605 999618
999605 999616
999605 999614
999605 999612
999605 999610
999605 999608
999605 999606
999998 999999
999996 999997
999994 999995
999992 999993
999990 999991
999988 999989
999986 999987
999984 999985
999982 999983
999980 999981
999978 999979
999976 999977
999974 999975
999972 999973
999970 999971
999968 999969
999966 999967
999964 999965
999962 999963
999960 999961
999958 999959
999956 999957
999954 999955
999952 999953
999950 999951
999948 999949
999946 999947
999944 999945
999942 999943
999940 999941
999938 999939
999936 999937
999934 999935
999932 999933
999930 999931
999928 999929
999926 999927
999924 999925
999922 999923
999920 999921
999918 999919
999916 999917
999914 999915
999912 999913
999910 999911
999908 999909
999906 999907
999904 999905
999902 999903
999900 999901
999898 999899
999896 999897
999894 999895
999892 999893
999890 999891
999888 999889
999886 999887
999884 999885
999882 999883
999880 999881
999878 999879
999876 999877
999874 999875
999872 999873
999870 999871
999868 999869
999866 999867
999864 999865
999862 999863
999860 999861
999858 999859
999856 999857
999854 999855
999852 999853
999850 999851
999848 999849
999846 999847
999844 999845
999842 999843
999840 999841
999838 999839
999836 999837
999834 999835
999832 999833
999830 999831
999828 999829
999826 999827
999824 999825
999822 999823
999820 999821
999818 999819
999816 999817
999814 999815
999812 999813
999810 999811
999808 999809
999806 999807
999804 999805
999802 999803
999800 999801
999798 999799
999796 999797
999794 999795
999792 999793
999790 999791
999788 999789
999786 999787
999784 999785
999782 999783
999780 999781
999778 999779
999776 999777
999774 999775
999772 999773
999770 999771
999768 999769
999766 999767
999764 999765
999762 999763
999760 999761
999758 999759
999756 999757
999754 999755
999752 999753
999750 999751
999748 999749
999746 999747
999744 999745
999742 999743
999740 999741
999738 999739
999736 999737
999734 999735
999732 999733
999730 999731
999728 999729
999726 999727
999724 999725
999722 999723
999720 999721
999718 999719
999716 999717
999714 999715
999712 999713
999710 999711
999708 999709
999706 999707
999704 999705
999702 999703
999700 999701
999698 999699
999696 999697
999694 999695
999692 999693
999690 999691
999688 999689
999686 999687
999684 999685
999682 999683
999680 999681
999678 999679
999676 999677
999674 999675
999672 999673
999670 999671
999668 999669
999666 999667
999664 999665
999662 999663
999660 999661
999658 999659
999656 999657
999654 999655
999652 999653
999650 999651
999648 999649
999646 999647
999644 999645
999642 999643
999640 999641
999638 999639
999636 999637
999634 999635
999632 999633
999630 999631
999628 999629
999626 999627
999624 999625
999622 999623
999620 999621
999618 999619
999616 999617
999614 999615
999612 999613
999610 999611
999608 999609
999606 999607
