100
2861 8745
3179 7066
1947 6371
297 7848
2291 4233
599 2460
8297 8871
1366 8609
1014 9835
3363 9253
1168 5615
6060 8886
3609 3940
3430 4483
3882 5506
6946 8788
3208 8224
420 1187
5747 5887
510 6430
1057 2880
3952 8901
4787 7452
1101 3205
7937 8345
809 5770
1093 9123
1136 9772
7803 9331
8694 9277
3793 6379
1329 4623
2932 7495
4000 6024
575 8797
5390 7653
6933 7913
2637 6136
1105 3961
3747 5880
2803 4415
1821 9649
607 2591
6402 9580
638 4654
2408 9741
9946 9999
9946 9997
9946 9995
9946 9993
9946 9991
9946 9989
9946 9987
9946 9985
9946 9983
9946 9981
9946 9979
9946 9977
9946 9975
9946 9973
9946 9971
9946 9969
9946 9967
9946 9965
9946 9963
9946 9961
9946 9959
9946 9957
9946 9955
9946 9953
9946 9951
9946 9949
9946 9947
9999 10000
9997 9998
9995 9996
9993 9994
9991 9992
9989 9990
9987 9988
9985 9986
9983 9984
9981 9982
9979 9980
9977 9978
9975 9976
9973 9974
9971 9972
9969 9970
9967 9968
9965 9966
9963 9964
9961 9962
9959 9960
9957 9958
9955 9956
9953 9954
9951 9952
9949 9950
9947 9948
