817
116351 292083
46245 364089
257438 417795
244974 419371
72487 285724
158574 402994
181420 366721
101563 418369
49376 397591
273053 411010
114690 216577
180136 405407
109601 363627
61192 183908
137517 280449
125169 296127
69591 349225
121638 421423
44493 334326
238984 283852
158648 229754
189605 383536
147112 225568
340044 394600
114989 376321
11241 191990
331081 413326
108476 418311
272933 285170
213615 342310
81006 119558
17126 327348
109672 291798
35373 68770
36121 260065
160227 402090
392304 415796
162553 305615
248287 372326
2837 156603
112302 423360
229794 341248
340400 399310
340467 381277
164235 354003
37909 127900
203628 309054
61008 386683
144156 250218
233603 248892
154811 375306
77568 386698
13852 43033
149750 373039
156496 307784
168700 331451
93883 199598
274489 340760
76313 116704
29752 310083
71002 153076
191203 219445
303722 324976
335749 382589
174899 239787
119481 300710
163447 172889
233655 288027
123714 394465
32932 267711
254687 357896
127073 229549
156811 288201
9520 273232
217926 238385
62822 162969
59302 162642
130024 385189
282081 300190
183749 354127
145233 324243
92379 239412
180389 328414
51212 183780
119723 410721
319511 392565
24685 192065
198744 204782
19777 408106
2310 411298
129263 244906
380065 420653
116320 223732
129833 358024
107282 150633
191396 218087
165371 385238
75018 301457
252709 361556
10462 140430
46799 284345
281124 381572
123067 188635
39029 68769
306203 388745
220690 390541
175203 338807
169273 294393
118974 338295
208417 210171
132555 373723
63013 171499
73391 88753
112605 279823
47102 223827
130787 257417
207198 230480
383203 392193
146866 282422
122436 423392
32701 133277
108994 187503
100493 260605
55516 416063
6853 318403
7986 39362
7458 141774
206468 280563
6377 224529
188190 345437
28132 344117
111658 170189
147682 245712
78152 143025
142387 262341
128388 279219
184481 293757
85977 377955
205972 297422
108974 268122
33797 110879
100294 390028
27192 345861
24802 129194
225119 360362
195250 394959
277651 394133
71642 243459
238998 290640
46631 416487
67745 213567
122555 278439
301453 314965
76493 284876
220165 267995
93985 125673
231263 236888
62246 99762
196269 373244
246855 274486
167065 377376
36489 36762
146920 152404
270560 325248
17712 114560
101225 203967
219839 325532
227028 375931
165888 412547
213188 290324
120438 199605
30657 38874
47674 182383
76431 213295
215482 226228
225591 320336
263613 361555
59129 222068
64228 249084
148202 391891
37051 76575
231274 350482
52353 212738
25631 344605
150540 415642
240184 289694
285888 288260
122358 195982
19141 371612
262682 408370
47436 307170
194054 352596
30448 319968
120000 419972
72809 420883
279985 325671
129194 411563
110175 155672
31580 106862
134216 267454
277462 286840
94046 352426
218070 227422
104430 113710
28814 396440
42956 362736
117238 318514
37639 380969
381941 418662
829 348386
238128 277583
195126 213624
49323 51796
160857 220537
95500 320672
40364 307219
162893 321582
204542 278330
30707 88360
202074 314302
123696 270634
103956 309965
199589 298747
108147 116802
320674 324287
47687 294663
29913 247540
189700 357191
127584 327821
264484 277178
334181 387895
36344 377396
44086 141258
234243 424864
179636 247826
439 388439
322832 373640
230680 408996
224732 336491
3208 266700
60016 392581
15157 119610
232088 338322
121968 258919
293234 320452
285508 320557
309584 388412
132131 177698
167566 327339
22607 299712
81136 287577
47173 295542
13181 107085
198733 217366
63184 90355
93568 145752
95486 117364
47092 63580
110939 259335
265307 370038
153652 237831
95626 255142
214503 310750
7637 239319
7443 112749
188617 218660
185980 267965
12868 301743
24196 198897
20511 415046
73788 117991
197980 211723
271170 372490
83444 125673
293788 340741
267561 411617
381104 425548
46340 160792
171199 384711
100236 422270
120365 179791
10960 28693
371623 385501
65512 410898
161596 333388
270595 352256
237290 246567
39063 210675
25984 375818
340509 425846
87045 117971
428202 428727
428202 428725
428202 428723
428202 428721
428202 428719
428202 428717
428202 428715
428202 428713
428202 428711
428202 428709
428202 428707
428202 428705
428202 428703
428202 428701
428202 428699
428202 428697
428202 428695
428202 428693
428202 428691
428202 428689
428202 428687
428202 428685
428202 428683
428202 428681
428202 428679
428202 428677
428202 428675
428202 428673
428202 428671
428202 428669
428202 428667
428202 428665
428202 428663
428202 428661
428202 428659
428202 428657
428202 428655
428202 428653
428202 428651
428202 428649
428202 428647
428202 428645
428202 428643
428202 428641
428202 428639
428202 428637
428202 428635
428202 428633
428202 428631
428202 428629
428202 428627
428202 428625
428202 428623
428202 428621
428202 428619
428202 428617
428202 428615
428202 428613
428202 428611
428202 428609
428202 428607
428202 428605
428202 428603
428202 428601
428202 428599
428202 428597
428202 428595
428202 428593
428202 428591
428202 428589
428202 428587
428202 428585
428202 428583
428202 428581
428202 428579
428202 428577
428202 428575
428202 428573
428202 428571
428202 428569
428202 428567
428202 428565
428202 428563
428202 428561
428202 428559
428202 428557
428202 428555
428202 428553
428202 428551
428202 428549
428202 428547
428202 428545
428202 428543
428202 428541
428202 428539
428202 428537
428202 428535
428202 428533
428202 428531
428202 428529
428202 428527
428202 428525
428202 428523
428202 428521
428202 428519
428202 428517
428202 428515
428202 428513
428202 428511
428202 428509
428202 428507
428202 428505
428202 428503
428202 428501
428202 428499
428202 428497
428202 428495
428202 428493
428202 428491
428202 428489
428202 428487
428202 428485
428202 428483
428202 428481
428202 428479
428202 428477
428202 428475
428202 428473
428202 428471
428202 428469
428202 428467
428202 428465
428202 428463
428202 428461
428202 428459
428202 428457
428202 428455
428202 428453
428202 428451
428202 428449
428202 428447
428202 428445
428202 428443
428202 428441
428202 428439
428202 428437
428202 428435
428202 428433
428202 428431
428202 428429
428202 428427
428202 428425
428202 428423
428202 428421
428202 428419
428202 428417
428202 428415
428202 428413
428202 428411
428202 428409
428202 428407
428202 428405
428202 428403
428202 428401
428202 428399
428202 428397
428202 428395
428202 428393
428202 428391
428202 428389
428202 428387
428202 428385
428202 428383
428202 428381
428202 428379
428202 428377
428202 428375
428202 428373
428202 428371
428202 428369
428202 428367
428202 428365
428202 428363
428202 428361
428202 428359
428202 428357
428202 428355
428202 428353
428202 428351
428202 428349
428202 428347
428202 428345
428202 428343
428202 428341
428202 428339
428202 428337
428202 428335
428202 428333
428202 428331
428202 428329
428202 428327
428202 428325
428202 428323
428202 428321
428202 428319
428202 428317
428202 428315
428202 428313
428202 428311
428202 428309
428202 428307
428202 428305
428202 428303
428202 428301
428202 428299
428202 428297
428202 428295
428202 428293
428202 428291
428202 428289
428202 428287
428202 428285
428202 428283
428202 428281
428202 428279
428202 428277
428202 428275
428202 428273
428202 428271
428202 428269
428202 428267
428202 428265
428202 428263
428202 428261
428202 428259
428202 428257
428202 428255
428202 428253
428202 428251
428202 428249
428202 428247
428202 428245
428202 428243
428202 428241
428202 428239
428202 428237
428202 428235
428202 428233
428202 428231
428202 428229
428202 428227
428202 428225
428202 428223
428202 428221
428202 428219
428202 428217
428202 428215
428202 428213
428202 428211
428202 428209
428202 428207
428202 428205
428202 428203
428727 428728
428725 428726
428723 428724
428721 428722
428719 428720
428717 428718
428715 428716
428713 428714
428711 428712
428709 428710
428707 428708
428705 428706
428703 428704
428701 428702
428699 428700
428697 428698
428695 428696
428693 428694
428691 428692
428689 428690
428687 428688
428685 428686
428683 428684
428681 428682
428679 428680
428677 428678
428675 428676
428673 428674
428671 428672
428669 428670
428667 428668
428665 428666
428663 428664
428661 428662
428659 428660
428657 428658
428655 428656
428653 428654
428651 428652
428649 428650
428647 428648
428645 428646
428643 428644
428641 428642
428639 428640
428637 428638
428635 428636
428633 428634
428631 428632
428629 428630
428627 428628
428625 428626
428623 428624
428621 428622
428619 428620
428617 428618
428615 428616
428613 428614
428611 428612
428609 428610
428607 428608
428605 428606
428603 428604
428601 428602
428599 428600
428597 428598
428595 428596
428593 428594
428591 428592
428589 428590
428587 428588
428585 428586
428583 428584
428581 428582
428579 428580
428577 428578
428575 428576
428573 428574
428571 428572
428569 428570
428567 428568
428565 428566
428563 428564
428561 428562
428559 428560
428557 428558
428555 428556
428553 428554
428551 428552
428549 428550
428547 428548
428545 428546
428543 428544
428541 428542
428539 428540
428537 428538
428535 428536
428533 428534
428531 428532
428529 428530
428527 428528
428525 428526
428523 428524
428521 428522
428519 428520
428517 428518
428515 428516
428513 428514
428511 428512
428509 428510
428507 428508
428505 428506
428503 428504
428501 428502
428499 428500
428497 428498
428495 428496
428493 428494
428491 428492
428489 428490
428487 428488
428485 428486
428483 428484
428481 428482
428479 428480
428477 428478
428475 428476
428473 428474
428471 428472
428469 428470
428467 428468
428465 428466
428463 428464
428461 428462
428459 428460
428457 428458
428455 428456
428453 428454
428451 428452
428449 428450
428447 428448
428445 428446
428443 428444
428441 428442
428439 428440
428437 428438
428435 428436
428433 428434
428431 428432
428429 428430
428427 428428
428425 428426
428423 428424
428421 428422
428419 428420
428417 428418
428415 428416
428413 428414
428411 428412
428409 428410
428407 428408
428405 428406
428403 428404
428401 428402
428399 428400
428397 428398
428395 428396
428393 428394
428391 428392
428389 428390
428387 428388
428385 428386
428383 428384
428381 428382
428379 428380
428377 428378
428375 428376
428373 428374
428371 428372
428369 428370
428367 428368
428365 428366
428363 428364
428361 428362
428359 428360
428357 428358
428355 428356
428353 428354
428351 428352
428349 428350
428347 428348
428345 428346
428343 428344
428341 428342
428339 428340
428337 428338
428335 428336
428333 428334
428331 428332
428329 428330
428327 428328
428325 428326
428323 428324
428321 428322
428319 428320
428317 428318
428315 428316
428313 428314
428311 428312
428309 428310
428307 428308
428305 428306
428303 428304
428301 428302
428299 428300
428297 428298
428295 428296
428293 428294
428291 428292
428289 428290
428287 428288
428285 428286
428283 428284
428281 428282
428279 428280
428277 428278
428275 428276
428273 428274
428271 428272
428269 428270
428267 428268
428265 428266
428263 428264
428261 428262
428259 428260
428257 428258
428255 428256
428253 428254
428251 428252
428249 428250
428247 428248
428245 428246
428243 428244
428241 428242
428239 428240
428237 428238
428235 428236
428233 428234
428231 428232
428229 428230
428227 428228
428225 428226
428223 428224
428221 428222
428219 428220
428217 428218
428215 428216
428213 428214
428211 428212
428209 428210
428207 428208
428205 428206
428203 428204
