953
17152 733691
231473 523399
102609 367425
173537 582772
5308 13682
572090 572963
53574 410841
261360 694217
376990 621449
125187 290313
18004 657687
236112 391611
144649 149233
432903 684936
622 374455
167240 681876
598690 689391
306752 532800
46443 645791
447787 554398
329588 439558
339780 726129
224441 499369
352675 738276
18164 246223
617251 657947
339408 534975
231528 495043
476117 665851
163787 515872
427994 499758
191542 563292
197503 506379
40557 245001
8499 412871
502802 729018
199016 660629
402718 568672
542848 559874
170928 368205
644936 717436
31680 526890
296540 362863
201340 668505
374628 406016
223228 655552
60018 341810
373372 399518
468319 552263
553017 565112
84963 348048
326125 346872
541337 700582
706395 751744
55872 338646
338593 408980
525151 574455
308034 593104
112656 300897
533657 624504
297257 402672
342514 479853
9118 78182
197751 324260
178486 585270
409814 611970
261316 458392
438348 712304
255364 388672
122809 389480
706551 752650
104983 178605
185046 219184
434062 648779
262063 315166
218234 230175
91792 282088
142616 208383
49329 479309
46914 190653
183396 356309
28414 148848
644038 743456
528605 758088
43222 288138
388230 419037
72069 453474
263276 281110
104969 681198
280771 712255
319403 649866
14332 244629
61847 570380
283350 695420
598013 678762
515450 517839
26302 754291
55423 623802
222884 309542
65196 454857
162092 351269
329800 472755
229998 598656
396792 556495
178274 268224
302256 756227
26668 299515
104500 624313
284366 328455
522418 745828
229501 418564
421432 643257
77826 182094
232152 287839
538529 629866
554479 651926
170724 592294
202833 712706
446086 577648
155931 698325
326390 638692
417842 440632
481056 711026
86661 657291
26513 64046
450731 590022
526246 564703
178146 728097
484988 746969
255238 556602
320941 397008
244101 353766
98604 214990
69216 663442
219159 727535
159860 412591
19917 61237
430247 753740
394327 506791
56081 347684
423759 720436
267110 285856
120697 607228
260623 467723
12099 308658
101116 263500
111589 188454
406834 442636
191409 224634
47160 450212
45749 246900
398188 543044
350108 750473
25544 185949
370181 715654
408749 745796
159063 217751
23513 278636
147774 202439
46981 669538
204546 311135
351891 750535
116075 296153
28413 473626
361442 566016
17098 578353
245996 270908
486202 571762
341877 421628
501173 722177
319897 678146
167986 711257
476 364302
130244 469628
297258 557936
686570 691675
256621 271201
346134 506661
383069 595740
23580 305783
185764 490357
82338 499728
64647 621645
35184 419268
659403 670143
111887 616931
24933 267039
469473 669540
192023 248756
4526 240343
393844 714342
112489 113881
500531 642091
345740 631033
11054 582400
77029 441621
420150 520599
241091 254597
78778 357722
105372 325213
412735 637922
261722 517198
376831 500251
496028 560078
263476 457242
358683 611847
114734 205007
128026 501979
320594 730867
136269 719897
660560 750870
108424 362952
59976 370206
12671 505500
308979 569487
24481 472987
555353 697629
157759 726384
526675 539952
442 83013
657638 701217
25631 27515
74955 243591
31735 506829
160177 732901
111805 575751
443885 693585
279659 683558
32922 66703
395775 428728
277435 673112
217348 324732
230336 278461
48571 546219
55608 588682
424411 688864
161217 287591
508659 727371
8116 396941
541040 645283
292111 481760
93043 327971
561220 679362
164644 212110
121613 500424
647791 712949
244668 750232
49785 401176
125511 329618
261025 615921
74345 400576
698953 718931
154258 452186
107320 546399
162884 621084
22225 293121
26914 273210
54259 659854
594 626479
27371 452840
532948 627992
357216 624147
610236 638481
49263 77198
119929 662763
472569 506829
358264 535871
518906 651817
248506 320044
426965 445766
436627 446099
557819 721862
191233 674828
345232 434066
222764 467201
178253 384445
641802 742393
149928 201449
80090 314946
169977 564016
81283 103495
219343 452187
359521 708560
461734 515496
195646 701764
388071 508137
150094 338910
315523 633927
157169 493019
109336 199361
241713 411004
171619 559256
342960 438894
453774 565029
194194 717440
7875 643746
553680 594955
48992 267445
213924 753208
198919 592352
514157 726297
17944 319280
657172 705776
592432 737670
25522 544485
197438 277858
497710 579401
50806 104277
327730 413701
581891 717369
617729 628448
40792 89785
513718 599000
45615 179682
2145 240571
194566 386116
359251 513271
221270 622874
377294 746745
53269 375455
86831 636614
448946 657233
88851 719217
416440 591457
293636 408622
130773 348039
76200 575618
62276 674114
149278 481037
256293 560217
90669 706509
519142 542399
111679 683154
8633 679732
251783 549933
138565 141133
536879 711301
485227 602938
21618 75183
130439 300229
193978 710910
175808 223415
359432 381429
128340 244438
96022 221541
422010 615189
273249 647280
330114 596814
442313 453760
429918 511924
163148 238788
328625 666868
322722 450742
106616 232675
200887 610032
493607 742872
58525 177505
163799 707056
91573 401564
287119 617173
309433 711238
307521 550449
436977 524856
588179 655545
270432 650221
288696 453867
186508 402162
41947 603460
50608 257611
342196 491008
312112 471749
632645 715616
232078 490582
56320 644526
360061 373904
571865 624088
482718 680511
362520 698885
75375 401492
156369 474865
38597 576557
234984 675541
113418 752627
235806 300879
33845 318027
171374 341850
223592 457140
504411 625853
155172 326051
132348 271283
107493 681942
99732 263288
133958 549319
9430 112971
305173 608507
353298 372207
7681 127801
658461 665257
225283 604141
325163 640087
205091 450452
134438 267505
50613 213740
499527 662949
191935 204097
683 223493
99209 583041
39269 344284
62045 512821
354335 443526
93719 692009
427867 463406
187741 426993
330660 706738
65800 280339
244950 512712
257181 589631
111776 566595
432881 719843
243781 300811
328494 586934
379030 630109
336291 357508
375473 756786
30027 150693
52008 724627
417886 650879
384491 715763
486144 573099
81511 97659
274048 370075
495690 515681
151761 731220
758201 758720
758201 758718
758201 758716
758201 758714
758201 758712
758201 758710
758201 758708
758201 758706
758201 758704
758201 758702
758201 758700
758201 758698
758201 758696
758201 758694
758201 758692
758201 758690
758201 758688
758201 758686
758201 758684
758201 758682
758201 758680
758201 758678
758201 758676
758201 758674
758201 758672
758201 758670
758201 758668
758201 758666
758201 758664
758201 758662
758201 758660
758201 758658
758201 758656
758201 758654
758201 758652
758201 758650
758201 758648
758201 758646
758201 758644
758201 758642
758201 758640
758201 758638
758201 758636
758201 758634
758201 758632
758201 758630
758201 758628
758201 758626
758201 758624
758201 758622
758201 758620
758201 758618
758201 758616
758201 758614
758201 758612
758201 758610
758201 758608
758201 758606
758201 758604
758201 758602
758201 758600
758201 758598
758201 758596
758201 758594
758201 758592
758201 758590
758201 758588
758201 758586
758201 758584
758201 758582
758201 758580
758201 758578
758201 758576
758201 758574
758201 758572
758201 758570
758201 758568
758201 758566
758201 758564
758201 758562
758201 758560
758201 758558
758201 758556
758201 758554
758201 758552
758201 758550
758201 758548
758201 758546
758201 758544
758201 758542
758201 758540
758201 758538
758201 758536
758201 758534
758201 758532
758201 758530
758201 758528
758201 758526
758201 758524
758201 758522
758201 758520
758201 758518
758201 758516
758201 758514
758201 758512
758201 758510
758201 758508
758201 758506
758201 758504
758201 758502
758201 758500
758201 758498
758201 758496
758201 758494
758201 758492
758201 758490
758201 758488
758201 758486
758201 758484
758201 758482
758201 758480
758201 758478
758201 758476
758201 758474
758201 758472
758201 758470
758201 758468
758201 758466
758201 758464
758201 758462
758201 758460
758201 758458
758201 758456
758201 758454
758201 758452
758201 758450
758201 758448
758201 758446
758201 758444
758201 758442
758201 758440
758201 758438
758201 758436
758201 758434
758201 758432
758201 758430
758201 758428
758201 758426
758201 758424
758201 758422
758201 758420
758201 758418
758201 758416
758201 758414
758201 758412
758201 758410
758201 758408
758201 758406
758201 758404
758201 758402
758201 758400
758201 758398
758201 758396
758201 758394
758201 758392
758201 758390
758201 758388
758201 758386
758201 758384
758201 758382
758201 758380
758201 758378
758201 758376
758201 758374
758201 758372
758201 758370
758201 758368
758201 758366
758201 758364
758201 758362
758201 758360
758201 758358
758201 758356
758201 758354
758201 758352
758201 758350
758201 758348
758201 758346
758201 758344
758201 758342
758201 758340
758201 758338
758201 758336
758201 758334
758201 758332
758201 758330
758201 758328
758201 758326
758201 758324
758201 758322
758201 758320
758201 758318
758201 758316
758201 758314
758201 758312
758201 758310
758201 758308
758201 758306
758201 758304
758201 758302
758201 758300
758201 758298
758201 758296
758201 758294
758201 758292
758201 758290
758201 758288
758201 758286
758201 758284
758201 758282
758201 758280
758201 758278
758201 758276
758201 758274
758201 758272
758201 758270
758201 758268
758201 758266
758201 758264
758201 758262
758201 758260
758201 758258
758201 758256
758201 758254
758201 758252
758201 758250
758201 758248
758201 758246
758201 758244
758201 758242
758201 758240
758201 758238
758201 758236
758201 758234
758201 758232
758201 758230
758201 758228
758201 758226
758201 758224
758201 758222
758201 758220
758201 758218
758201 758216
758201 758214
758201 758212
758201 758210
758201 758208
758201 758206
758201 758204
758201 758202
758720 758721
758718 758719
758716 758717
758714 758715
758712 758713
758710 758711
758708 758709
758706 758707
758704 758705
758702 758703
758700 758701
758698 758699
758696 758697
758694 758695
758692 758693
758690 758691
758688 758689
758686 758687
758684 758685
758682 758683
758680 758681
758678 758679
758676 758677
758674 758675
758672 758673
758670 758671
758668 758669
758666 758667
758664 758665
758662 758663
758660 758661
758658 758659
758656 758657
758654 758655
758652 758653
758650 758651
758648 758649
758646 758647
758644 758645
758642 758643
758640 758641
758638 758639
758636 758637
758634 758635
758632 758633
758630 758631
758628 758629
758626 758627
758624 758625
758622 758623
758620 758621
758618 758619
758616 758617
758614 758615
758612 758613
758610 758611
758608 758609
758606 758607
758604 758605
758602 758603
758600 758601
758598 758599
758596 758597
758594 758595
758592 758593
758590 758591
758588 758589
758586 758587
758584 758585
758582 758583
758580 758581
758578 758579
758576 758577
758574 758575
758572 758573
758570 758571
758568 758569
758566 758567
758564 758565
758562 758563
758560 758561
758558 758559
758556 758557
758554 758555
758552 758553
758550 758551
758548 758549
758546 758547
758544 758545
758542 758543
758540 758541
758538 758539
758536 758537
758534 758535
758532 758533
758530 758531
758528 758529
758526 758527
758524 758525
758522 758523
758520 758521
758518 758519
758516 758517
758514 758515
758512 758513
758510 758511
758508 758509
758506 758507
758504 758505
758502 758503
758500 758501
758498 758499
758496 758497
758494 758495
758492 758493
758490 758491
758488 758489
758486 758487
758484 758485
758482 758483
758480 758481
758478 758479
758476 758477
758474 758475
758472 758473
758470 758471
758468 758469
758466 758467
758464 758465
758462 758463
758460 758461
758458 758459
758456 758457
758454 758455
758452 758453
758450 758451
758448 758449
758446 758447
758444 758445
758442 758443
758440 758441
758438 758439
758436 758437
758434 758435
758432 758433
758430 758431
758428 758429
758426 758427
758424 758425
758422 758423
758420 758421
758418 758419
758416 758417
758414 758415
758412 758413
758410 758411
758408 758409
758406 758407
758404 758405
758402 758403
758400 758401
758398 758399
758396 758397
758394 758395
758392 758393
758390 758391
758388 758389
758386 758387
758384 758385
758382 758383
758380 758381
758378 758379
758376 758377
758374 758375
758372 758373
758370 758371
758368 758369
758366 758367
758364 758365
758362 758363
758360 758361
758358 758359
758356 758357
758354 758355
758352 758353
758350 758351
758348 758349
758346 758347
758344 758345
758342 758343
758340 758341
758338 758339
758336 758337
758334 758335
758332 758333
758330 758331
758328 758329
758326 758327
758324 758325
758322 758323
758320 758321
758318 758319
758316 758317
758314 758315
758312 758313
758310 758311
758308 758309
758306 758307
758304 758305
758302 758303
758300 758301
758298 758299
758296 758297
758294 758295
758292 758293
758290 758291
758288 758289
758286 758287
758284 758285
758282 758283
758280 758281
758278 758279
758276 758277
758274 758275
758272 758273
758270 758271
758268 758269
758266 758267
758264 758265
758262 758263
758260 758261
758258 758259
758256 758257
758254 758255
758252 758253
758250 758251
758248 758249
758246 758247
758244 758245
758242 758243
758240 758241
758238 758239
758236 758237
758234 758235
758232 758233
758230 758231
758228 758229
758226 758227
758224 758225
758222 758223
758220 758221
758218 758219
758216 758217
758214 758215
758212 758213
758210 758211
758208 758209
758206 758207
758204 758205
758202 758203
