200 200
29 156
49 177
119 110
144 163
177 174
199 104
74 38
13 91
92 76
191 44
103 120
23 62
45 42
8 17
107 90
187 193
142 190
181 37
116 135
175 33
31 124
20 93
85 85
31 92
43 105
83 94
53 50
160 22
55 108
133 140
120 81
112 76
146 151
136 101
83 16
20 187
183 170
97 86
195 165
87 121
139 152
180 164
69 163
96 82
140 118
96 179
23 137
140 123
55 154
113 1
180 154
23 138
177 104
83 187
179 101
158 26
166 110
84 126
200 5
79 122
140 16
26 87
200 81
46 23
127 52
64 154
32 132
72 108
21 70
76 21
125 141
83 200
83 124
35 85
109 95
187 71
29 51
73 78
139 105
110 23
121 103
117 167
54 22
88 67
164 53
147 91
82 85
182 122
130 59
143 56
156 90
110 88
1 38
159 162
1 17
52 187
141 74
105 112
174 9
198 86
45 196
8 29
88 29
168 88
3 170
162 7
117 76
87 133
79 25
20 163
96 130
121 195
92 189
107 157
168 116
138 30
152 115
107 11
169 86
39 75
119 42
123 114
64 7
166 103
31 188
30 31
179 67
12 103
109 72
131 199
93 118
180 33
109 187
133 190
44 71
93 121
29 129
34 186
182 106
76 189
106 40
23 40
87 28
85 168
16 156
137 189
124 58
77 113
181 139
157 29
82 73
65 20
157 73
64 166
198 69
72 71
47 100
198 85
85 189
148 101
5 152
6 47
13 109
132 61
199 163
123 16
170 10
188 187
16 129
59 54
168 121
18 181
102 48
43 78
6 87
145 134
93 52
176 133
128 97
105 85
51 59
15 55
155 36
93 55
5 17
5 179
5 125
146 175
39 100
159 196
9 33
181 52
103 120
146 144
142 69
68 146
105 163
186 3
24 62
20 30
