2501 2501
791 96
1932 64
1495 2050
1183 942
1839 1196
584 1232
2158 2382
2272 1218
2419 1256
1678 1791
1807 1369
1290 111
452 1086
831 1613
68 18
1609 993
468 1026
503 1311
800 1167
853 2257
1353 280
2278 1065
857 1507
131 1856
879 426
1390 863
144 1891
1380 1072
1015 2459
514 294
125 2325
1839 2319
1431 291
2293 330
1622 276
1607 147
1024 1832
609 1886
574 210
1685 1554
1998 2234
1146 2294
1352 2108
1986 2243
820 2166
613 1372
263 730
1380 913
315 391
101 1213
1070 1196
1464 778
672 1
802 1936
322 1967
1347 1392
1223 1464
63 1486
1347 150
2442 1101
2227 418
669 419
1781 536
1981 908
2158 179
128 671
868 113
560 1204
1218 296
451 2336
1490 2363
1160 1558
2149 2055
651 1722
415 1276
1442 249
731 2046
1840 2114
642 1398
1997 2321
1094 1903
687 37
624 1603
2168 2080
1715 1868
1766 1834
1814 130
1561 378
735 2059
2285 1157
1723 862
817 2421
1705 2005
147 1010
1411 95
167 2293
2156 2169
2212 1792
1807 1849
1932 203
1349 986
352 1807
1202 1114
1836 1558
319 1897
1964 2312
809 1662
27 729
642 376
2000 52
1534 1543
1839 78
502 211
260 2012
1271 2418
2107 1995
1675 1039
1174 495
2395 1541
1909 924
1609 2374
1307 1095
584 1300
141 2143
2151 2375
1179 1040
1337 1035
1514 64
2138 1160
1029 677
739 511
1090 1245
1876 1814
1574 1520
2035 2004
1833 1164
694 1663
71 536
1843 795
870 2275
1983 326
2356 1662
258 2469
2040 23
2473 1239
79 1364
76 1936
1649 2126
243 681
1770 1129
1123 976
1024 1366
783 63
637 525
2497 2262
1292 1357
506 1688
1046 1982
615 885
2409 1586
777 322
87 1042
752 1391
1418 1183
1471 183
2368 446
1305 2311
2034 1974
466 1259
1745 2357
1092 1462
612 1740
2200 2053
1159 1423
363 944
468 1254
1952 145
132 1556
1862 2181
1422 2080
1860 1209
323 463
828 1984
1777 1311
450 545
1028 666
2279 1022
150 1408
952 868
1982 50
1820 2178
722 2440
775 2315
902 2118
644 2016
1545 1108
338 2019
1242 57
826 329
562 332
2083 1096
2481 1747
2359 1705
1613 468
986 461
2170 44
2432 8
1015 624
1132 1578
2448 1815
1193 1446
58 194
961 2018
2079 224
565 1332
301 2107
559 1474
731 1001
2253 879
2340 1650
681 1554
502 1976
2018 962
342 1724
1063 2296
963 373
492 173
2355 374
669 2222
1192 2083
671 837
1049 86
2227 2100
277 689
1482 1299
770 2306
279 1220
886 2263
521 2451
2059 1982
2208 1461
2265 1369
135 2265
1193 568
252 1528
794 1628
156 71
2476 96
36 512
750 2235
1219 1353
1238 675
2398 2424
1849 1476
772 1762
1639 1294
1842 680
1785 2028
1851 1404
2223 73
1393 953
980 237
153 1874
1879 335
336 908
1396 655
2007 1040
446 1608
2276 1986
560 1541
1953 1055
1470 1414
2116 1944
336 1181
753 2169
450 2301
904 2147
1715 1404
1922 225
1425 1627
1842 826
1841 1352
2009 740
481 336
28 371
292 20
2143 117
1258 2239
50 2370
1364 1308
305 740
1522 1804
467 1125
1103 1250
1336 1226
1171 178
1870 944
1588 363
1765 705
2284 1965
1155 419
2199 2107
1545 1107
125 777
294 1194
171 732
113 1696
698 2247
1130 1785
1611 1024
169 341
784 1050
2148 2066
8 2324
1432 1317
693 1724
1023 1320
822 2095
1711 1058
1556 1416
125 279
454 2187
2159 965
1638 2166
2076 397
322 1338
1542 1171
318 704
755 2368
1605 1029
2057 325
1652 2475
2121 1424
2062 431
853 2385
1661 1672
1693 1616
272 1240
281 880
1337 1242
2105 857
214 1450
1968 198
1431 2213
1411 2399
1004 1625
2063 1123
253 1949
71 429
2199 1414
1034 2373
1424 421
1762 2322
570 880
1974 2369
442 258
911 1427
1636 2229
78 3
1933 1271
1941 80
208 2138
968 951
2186 2495
2366 667
393 488
209 682
2211 185
492 1379
1395 1933
1332 2253
2482 887
1784 1514
2053 2421
2136 2071
1492 1460
1317 1474
581 724
203 191
42 1844
1361 2349
173 1951
2433 2101
1996 94
2405 902
1700 1619
82 2226
1825 2173
1410 1875
1049 648
1769 2501
2151 977
2365 1999
2387 2405
53 2105
2264 357
819 809
699 995
915 1287
1890 165
2151 639
2044 1527
2322 1609
2255 535
1598 1666
1857 2398
494 2010
1845 392
1556 215
254 842
929 1563
937 765
92 753
497 179
218 273
886 41
1496 1688
103 871
284 1587
1663 2264
1022 2154
2070 2308
1178 1448
2360 912
1464 1290
165 1057
1379 1572
10 674
185 2008
1487 1432
543 1221
2087 1476
89 1548
2461 1496
569 1224
2302 1532
1238 1984
1653 608
845 2294
868 607
1569 1027
12 1206
1815 268
1062 59
448 40
1935 2316
1964 1669
1984 1354
461 1829
2046 113
155 2473
72 1622
1430 177
448 1686
626 2386
174 430
1688 102
1031 1815
2266 148
1561 1780
1890 1922
1261 264
1417 1279
1180 2197
2263 2273
1664 811
641 1641
492 2468
654 2370
1176 1279
1272 962
2452 697
1302 1566
861 785
1407 1593
2063 1068
2378 876
235 342
1727 2082
913 632
14 1992
11 815
1763 425
1196 2355
82 594
1684 255
1925 347
1986 368
227 1350
1247 1401
2024 110
2284 529
1390 1221
266 1719
88 1747
2295 1682
610 474
403 1456
2360 391
204 452
1527 738
2194 2364
832 291
1456 15
2438 3
1562 1310
35 824
1298 649
62 666
643 222
2084 1798
1309 1975
1583 91
772 1950
2169 731
405 299
1417 1573
2291 1736
2137 873
915 335
1013 446
1563 1038
727 1490
1322 1022
626 2053
17 277
1892 156
1565 1533
2326 1817
1933 1637
32 258
2319 1575
1307 2249
2451 1610
1590 822
2025 162
2427 986
368 1241
2012 494
413 2136
697 334
2172 1438
2343 847
1549 1984
2361 777
2072 2490
687 921
1333 63
125 1027
266 608
831 984
90 1930
2002 2296
233 2196
189 81
1038 2104
1026 84
1013 1392
625 1539
1861 593
1591 953
2003 838
983 1531
468 2183
1930 1804
706 2479
1120 341
2282 1975
703 2429
276 2309
2411 886
2276 393
1729 1772
575 204
2070 2020
1750 1747
1783 1962
2415 1662
146 1536
2358 2486
903 1105
1364 334
580 1731
897 990
2122 2312
507 1856
2476 662
829 118
548 222
2013 55
1111 1437
2072 2455
853 539
1621 529
2275 1995
23 1628
846 72
2206 1189
980 1380
606 2304
2220 2243
45 982
541 2290
520 1257
96 649
1860 497
1086 88
1309 365
57 1559
308 175
1848 2353
1861 1663
686 2477
1590 398
697 135
1207 2123
1321 907
1148 982
2148 1274
808 1922
618 379
1015 1976
1177 133
320 1981
2054 1502
1793 2185
718 1679
2372 1510
2236 1959
1217 1968
990 1725
123 507
901 590
431 1745
716 2488
772 1581
237 2126
1013 1288
1203 1105
341 1938
1619 2228
1506 775
1122 1412
465 1951
1669 298
1695 1762
491 1993
2409 1420
1793 486
151 1301
1531 1948
2114 1103
1186 713
1270 1380
1872 162
2486 260
137 731
515 2022
1391 872
639 166
795 885
485 1286
970 1916
2223 173
2206 382
2438 305
511 1769
1665 2456
1845 1357
59 1803
249 2347
236 566
396 1627
1756 1161
1769 1499
1551 2195
788 2487
440 1662
548 2336
2372 478
220 1208
1280 1531
187 213
876 1762
2199 1639
1288 2495
1280 1809
1695 631
2044 1653
1297 1768
1611 2361
706 2206
960 1247
1270 873
230 1729
2272 405
63 1524
1563 889
1735 417
1323 991
2111 1261
1744 761
2027 1600
1108 2339
1848 170
2324 813
1876 147
996 1493
748 934
570 551
1659 1195
1975 902
1806 1495
285 899
184 2123
2466 500
2332 560
2327 1539
701 358
2090 455
2211 1670
143 394
180 1428
694 1474
433 957
1315 1946
837 1707
1151 43
1665 1928
1569 2471
1455 966
626 267
474 1993
2071 2389
1612 1138
2358 1866
155 515
950 1717
240 395
2182 938
221 2074
844 668
1909 1611
2354 1279
732 742
2411 1133
1342 2198
517 1161
2040 644
2130 238
2458 1354
1031 1080
76 1197
305 1876
1920 862
1740 1559
900 428
1880 721
366 1880
250 690
2216 1499
450 2031
1992 946
708 403
1885 1213
1538 148
1067 2271
1340 2483
13 321
1396 2331
1685 2277
1495 2129
1911 555
2016 727
352 1115
1631 1220
1695 2119
1925 693
2462 469
655 344
507 1795
1703 2312
1622 1815
2408 839
843 391
36 2427
1902 695
2221 1818
2052 76
1473 1682
627 289
2183 1445
386 905
1463 277
918 1151
1938 1981
777 1835
1661 1279
2205 1763
2204 1044
605 3
1914 1631
1286 821
1552 1919
509 1281
90 2205
1812 2495
940 1812
1884 1291
1573 1055
1881 488
1513 2151
182 1672
2056 1985
2253 2284
2097 2098
1450 1657
343 1532
1687 1467
7 1349
1083 57
844 1046
931 1712
583 898
1637 305
1119 1693
1782 1361
705 1598
1847 1517
184 1740
2347 409
316 1394
2388 1963
1010 1343
342 1571
986 1400
200 2422
820 1826
1106 1034
1164 2159
738 2400
2359 1955
904 1776
1217 170
503 943
1947 222
1924 545
726 945
1078 663
2231 407
1348 452
1743 1244
2429 277
493 539
1353 1943
1841 1161
149 111
2164 2496
2159 1859
134 1109
1777 162
868 507
1057 487
1557 2379
2044 1869
1938 183
1685 2055
422 2171
932 1888
2458 552
302 2020
168 1103
706 1367
290 1599
1596 2373
899 1256
909 2013
1365 2016
2447 2396
1929 972
2433 70
1198 270
195 696
297 600
785 1149
1680 1380
1459 503
1070 565
616 2476
858 1912
2124 688
851 1353
514 941
1964 2060
655 293
2315 1107
1513 2128
446 2383
1870 316
1249 832
2398 1830
754 623
1210 484
1590 244
971 1107
865 1717
1529 66
1185 1756
1090 39
1571 317
885 2104
1328 1788
1942 33
751 605
550 2482
1551 1275
589 330
156 41
305 945
1905 967
2479 563
197 1414
732 633
1487 2446
251 1511
1723 2363
454 2104
2451 661
742 649
43 1909
971 1131
1591 974
1534 417
1972 246
895 1968
1561 930
1481 1524
344 1278
2263 142
452 513
742 437
1072 2110
1807 208
2305 2238
2307 712
1896 127
1978 840
1636 1857
1534 736
1675 750
976 289
481 1212
934 1781
1445 2220
50 1471
167 1959
429 2031
1153 386
272 1458
1362 647
1668 2341
1483 2229
547 40
2074 2205
280 308
1861 1911
1678 1502
707 2258
1674 276
2235 2012
1624 2376
2337 1883
2056 1119
874 1364
32 5
735 912
466 21
130 310
1289 1060
1178 1446
1066 279
2242 2225
2017 1831
2166 400
2162 1794
2343 801
2398 989
527 265
738 158
1261 360
1668 890
1664 2415
1232 366
769 832
926 84
1329 616
1085 1662
920 818
879 1872
2153 829
1242 278
1523 2382
1172 63
2209 2210
1716 1989
1221 2055
380 1017
257 2166
860 621
1715 126
1058 925
801 1388
1126 1109
363 1190
1515 94
594 2122
1616 764
1906 1898
350 2226
945 193
616 1054
2035 1256
223 428
2247 2304
1625 2135
1155 672
910 785
2483 306
629 2136
410 1960
54 610
2287 231
2125 1687
235 2123
725 482
1454 84
2427 704
872 653
1909 1284
1494 97
933 2412
2403 1302
598 722
1639 1291
1150 1394
1537 1621
769 1382
1646 984
979 1093
633 959
208 214
2301 1606
13 385
497 2045
2497 615
1487 1919
295 812
892 1486
1082 438
1414 377
1363 2144
1083 1295
2035 756
1224 77
1769 2418
860 1689
1839 1673
446 2362
1122 180
582 877
2190 838
324 543
2371 1318
446 56
1972 738
2327 1738
833 1037
1770 1978
2356 2207
1200 580
2448 951
2030 2469
1794 239
219 337
866 300
2150 1701
297 1738
2001 610
1682 1047
987 1737
2491 1322
1757 1664
223 2100
1191 300
875 2343
606 1456
1858 128
1905 1072
100 1421
571 639
1989 830
1355 1953
282 474
2373 867
121 1990
1595 615
1 1003
733 2081
1856 708
1813 2000
840 1375
2380 263
710 240
2104 400
2426 88
578 743
113 1725
2487 1696
1455 1581
432 1717
2467 1009
201 651
720 1475
2146 1528
2159 1397
1741 956
1140 656
1062 966
2341 2223
2128 1489
2064 2004
2200 1010
227 58
1443 609
1260 2216
1529 2161
1121 2340
2112 1442
1497 2059
493 1421
2178 564
684 404
787 907
1066 1124
209 1621
1606 1224
1670 47
1758 1671
201 1552
2261 1001
26 2421
2153 1837
352 600
1022 2203
2070 1184
2441 808
1351 1470
984 1724
406 982
711 2199
154 1614
1774 1149
2294 1717
1211 327
23 1032
1854 308
2445 1601
660 512
63 281
248 2274
1535 1182
240 1360
981 510
614 909
1509 1345
1148 2262
636 505
1033 1668
1593 147
2393 1961
571 958
741 1091
832 2299
792 324
2278 490
2212 616
1618 481
1785 1611
2496 1712
2172 1834
229 1106
437 2010
2492 1472
2358 298
613 591
1495 2183
1323 1157
584 276
135 1418
648 532
1388 718
1502 1318
1925 1412
89 484
204 961
876 494
580 474
494 21
1683 2307
1394 196
1759 675
350 970
659 1839
418 937
938 1757
1978 772
180 584
31 1603
1427 2151
547 2275
538 291
1567 1
685 1060
1371 1997
1546 1444
2133 2145
1331 904
919 929
1065 589
1397 2498
2419 2209
637 811
41 1821
1626 812
2232 537
1430 395
2297 2328
1965 2369
2312 826
2484 1258
289 2186
1193 1034
1989 1915
2023 2291
157 118
53 2013
2408 570
2100 31
1000 1293
2224 152
1064 1736
119 1898
2164 1858
2166 963
1083 1129
1384 750
1756 2200
1340 658
1768 1205
619 667
932 2245
40 2424
595 992
485 448
461 991
2133 1719
2023 833
2386 447
1694 2016
2134 1525
1268 188
752 2064
1146 44
1437 654
1593 1655
532 528
1260 188
140 1042
2309 1270
1524 1951
2438 21
49 1973
96 1512
1123 2335
2318 2079
2475 429
1500 1602
1865 382
59 1143
1496 2315
1746 1526
965 2233
1383 1280
2015 2293
2240 1065
1328 1043
2088 887
1277 510
1118 594
1592 1732
590 691
2389 1170
25 1344
667 1534
1449 1553
380 1040
137 179
1504 1266
1161 729
1945 1492
460 2153
1132 371
1177 194
1760 1547
331 2020
1938 2431
185 1368
491 125
989 261
1192 1726
1404 1186
598 1596
574 1388
1099 233
1091 610
1081 1075
1918 2204
1797 1440
2112 1924
2057 1668
1582 2355
2171 848
669 506
1492 531
395 2082
864 1527
633 1102
1271 145
198 22
1072 1868
1797 1390
1216 341
1175 1005
1805 1642
1912 1205
353 2336
2102 792
690 1030
970 1876
232 1268
1875 2396
2237 1637
227 2490
1900 2218
62 1844
1137 1016
767 139
745 2236
1187 460
19 486
226 2016
475 1156
480 1398
3 1896
2134 2129
1931 1083
1687 2433
2478 376
1149 129
2365 204
1086 1722
115 413
360 2327
1206 1564
2027 102
2173 114
1834 1476
2347 1579
1707 613
757 2235
1098 2024
2194 842
1219 536
1386 1203
1224 465
1915 399
543 167
2468 671
1586 535
1505 509
630 100
1874 35
872 1065
2288 701
2381 257
1224 1220
1666 715
476 1796
1476 435
876 194
1925 780
2421 2436
2366 56
2014 1768
1547 1966
166 1379
2071 2487
361 2136
381 655
734 2483
2233 2024
1029 2388
519 1717
2129 63
1090 222
1256 2282
1586 17
630 110
1326 1645
459 1307
995 1702
1611 1606
1549 1665
739 1433
1749 1730
1000 1775
2100 1972
1201 165
1970 1426
2115 1897
1573 870
2195 1557
916 716
1936 1323
846 566
2392 2022
2292 2199
1861 1000
1384 433
1998 1804
4 1915
1270 2030
2226 2048
2130 589
1680 859
1042 404
1305 1233
990 1472
750 1561
2320 836
1976 2074
1249 1515
1188 1298
2326 2252
1265 950
249 768
1787 2436
116 596
1452 1574
1070 331
1973 2176
1119 103
1545 2030
66 2087
2309 347
1919 72
2116 1037
2128 18
2290 1197
1786 168
1775 2238
1223 721
2129 155
216 1436
2015 1735
1930 940
1265 371
2188 1093
1434 1862
1213 2365
913 508
2225 1294
2060 975
968 138
1348 2237
1902 1930
2351 2222
774 151
678 2321
2383 1646
2501 1851
1964 1075
1624 365
2476 134
1465 1192
2362 118
792 2337
619 411
2218 1501
2102 114
1488 1617
1201 2344
566 433
397 2220
2213 1047
313 2432
656 860
1561 2285
1211 160
1826 592
783 1886
302 1812
1765 1509
1095 454
887 1134
2488 1533
1933 2432
834 1601
1110 1532
948 927
871 316
2068 889
322 331
1497 729
104 1411
201 1726
646 1652
2461 6
554 1584
1291 1567
1230 2244
948 644
1315 1372
93 1754
2067 305
1165 912
1686 1992
578 1232
980 1957
2160 966
1976 384
199 1137
1676 1591
1385 907
243 485
450 2036
1288 592
1942 2043
1869 1533
641 239
372 1157
1651 1430
1804 819
1660 305
1473 57
1314 1150
118 469
2038 587
643 431
1240 340
1795 1261
193 269
1216 1051
1790 1472
1720 368
492 2119
1099 1629
1652 386
748 650
1509 2066
1788 1073
1851 1088
1979 946
1069 1193
1432 1519
594 1248
1043 2342
530 520
2320 1882
208 769
852 462
1564 2326
1693 1637
1261 1526
414 1487
175 1113
1026 1062
2040 1691
1359 711
2002 1198
2295 827
345 220
1197 1778
580 2222
1999 964
764 679
2138 1772
137 161
2482 455
2225 2244
831 190
1356 1149
1166 2480
2021 1747
1677 269
187 2231
1862 1446
798 2445
1102 2493
2344 2382
1302 542
414 1302
1073 1624
2366 1070
401 502
402 2304
1650 743
865 2285
794 1384
1544 432
254 1784
590 32
1649 2359
1881 1247
1465 287
447 1655
385 1761
737 628
19 232
2282 2359
271 1563
2285 1092
2137 261
1381 466
157 1969
31 1791
764 759
1061 722
30 2169
888 2324
366 840
2150 826
298 1606
1191 495
1973 178
1040 953
45 541
209 109
2195 736
1727 292
852 800
1469 1985
2008 1601
1310 552
1024 1335
2492 2265
1525 2455
1312 550
1199 1225
599 2156
2302 1419
175 2426
2044 2481
1436 2260
1603 1530
2081 723
1594 2073
2271 317
668 71
1687 897
1014 960
1742 1003
522 554
2437 845
1124 104
665 204
1251 1538
1351 1202
955 1785
1563 1797
1998 2135
1268 1609
2501 2353
2442 448
801 322
2158 2496
497 2019
556 2119
1328 941
916 2369
1504 2144
720 2118
1178 490
337 2091
2109 1250
1831 608
911 1912
1964 1656
2032 834
2119 1426
1336 1123
826 1471
1369 865
1485 1564
1770 1538
2477 902
1604 1832
2470 1009
336 860
1296 279
449 283
340 957
748 2343
494 461
815 1327
2329 1913
1584 860
2151 1824
1879 209
1444 163
310 648
265 1594
611 2305
2234 1602
1086 2349
508 324
286 658
575 2230
522 1056
2036 1730
1800 782
454 954
217 1569
1477 1670
914 1660
740 1370
538 1450
265 2472
798 1567
1974 2265
1424 805
2136 168
2330 47
1913 1690
133 1775
2403 313
359 253
2266 222
1037 1383
1529 11
1980 936
1289 243
919 2247
112 1434
842 1736
1019 2465
1720 419
1950 1100
1397 736
2070 1223
1861 2129
38 425
210 1948
656 1264
1239 1572
2400 469
1717 1638
643 1002
2032 960
1555 1768
1026 1839
822 570
2216 1531
1867 1576
2182 2129
167 594
99 843
756 901
702 2176
887 2488
1867 1287
1557 1539
874 1986
1482 1460
2340 893
1720 1627
1761 1237
457 1305
271 1850
157 1147
2000 1768
1681 1688
2378 35
243 952
1573 2374
1105 693
2105 1288
1592 1586
1095 577
2327 2316
431 2470
2354 1030
1596 946
1630 2272
1384 951
1241 1739
1306 1559
474 1770
83 1442
1560 432
1663 1867
1317 2299
753 983
228 2369
628 888
1880 2403
2017 1493
584 887
944 835
1171 1458
1433 2055
1396 1425
2166 1288
33 225
1256 189
392 799
708 2091
2425 1095
1997 1387
60 2255
862 1774
1417 2164
431 1140
1166 1474
2332 1162
784 1468
2143 1980
1521 1876
2023 1124
1724 1563
34 4
56 889
306 2370
1935 1254
2392 1141
1309 1729
553 942
1374 2170
1892 2214
210 689
2192 56
1794 33
1890 1193
1161 1163
1207 90
1275 169
942 250
1493 423
2182 1131
494 1568
864 1772
1312 177
836 2249
1293 1383
1980 2383
735 1818
551 528
1157 2261
664 2021
1213 958
1654 1111
2040 1063
1637 671
262 1244
943 960
1120 445
1473 1410
36 1092
469 1667
842 118
1401 715
1607 6
578 2449
451 623
1589 2432
458 1833
1189 707
260 1130
1131 630
2051 2057
559 543
1447 195
900 2347
842 342
584 297
76 2083
1759 1612
79 780
566 1578
1636 738
1897 1489
559 459
2262 1294
2302 2381
2082 2118
2419 214
894 1190
2251 2237
191 467
686 1675
2442 1358
1165 91
748 1644
525 53
926 542
777 79
2468 166
39 2153
2190 413
1136 1697
1514 1489
63 1922
662 2095
910 2095
1031 1534
2415 1469
2172 696
1151 98
1963 1232
2447 598
2198 2351
2336 1510
535 540
565 2105
916 225
632 1604
1063 1240
544 2029
2226 78
952 1953
229 2454
742 461
1036 2294
466 680
1362 926
216 314
45 1872
897 1994
1721 574
914 1859
761 6
1772 1227
1018 483
1793 1487
2055 1837
13 857
1462 1740
1526 29
164 1742
901 293
37 1402
582 2489
2256 123
2146 412
1014 2089
2494 1859
1925 2427
922 333
774 1463
2380 403
2003 925
859 1960
1537 790
1723 912
817 13
2380 1496
943 1218
1434 2263
2247 1975
1689 976
1540 549
1587 1915
1980 1763
1056 1062
104 529
235 2483
1548 1791
1886 72
2140 621
1682 2242
1882 711
2201 749
168 289
1255 168
559 436
2200 1544
784 1040
2098 1449
108 683
1040 170
906 186
1431 2322
44 1003
604 1356
1305 382
1624 10
1863 2051
30 870
922 2427
183 1859
105 631
1277 104
1618 1016
54 1292
2404 1221
2114 50
199 1530
1399 870
1717 2499
2404 1849
1737 1090
1389 85
1636 389
925 565
2048 297
2210 109
1677 822
367 1761
1782 306
2372 357
544 537
2122 213
644 2316
1207 989
663 854
302 722
1471 1389
1454 1473
471 1444
2053 915
1755 2462
2472 831
941 1388
1050 1747
1138 1623
2323 1464
2105 1171
313 2289
1252 1398
1544 1386
1617 2255
2193 2024
203 809
1401 2282
1746 1317
711 2107
623 1842
2206 1797
427 1820
283 2409
691 46
1824 1791
2285 28
2290 1298
2182 1275
212 1145
1178 511
1345 2168
1731 2232
1708 1518
1719 726
1826 219
2117 1486
1296 906
1055 1015
1634 1735
49 281
1901 1656
650 1642
2045 1879
454 547
912 1984
1326 71
141 2450
240 2435
222 302
1778 771
2182 697
78 79
1996 1445
1120 1218
72 2331
216 674
1461 2477
153 924
179 533
464 1715
1700 1507
1156 258
2109 2040
1775 2307
1403 2127
426 181
1963 130
2465 2409
416 1058
523 307
1407 1926
544 418
2040 589
105 163
431 2410
2245 1893
511 155
151 2254
2130 2229
521 871
851 871
1297 2049
963 1459
106 2415
1823 274
823 1036
866 371
2039 2095
2290 1898
960 1775
1414 2020
186 2055
1167 790
417 382
719 2191
788 2282
781 2020
649 98
1610 255
1725 647
588 2248
1921 1795
1250 1164
2315 1170
991 1978
36 34
1864 737
1569 2328
1601 1864
671 1080
771 204
1249 2297
1795 2456
2371 2425
1198 2216
654 2272
958 8
1856 2326
537 888
1106 2475
2052 1017
2026 2358
2129 1338
532 1946
128 469
517 915
301 955
1217 2314
1105 165
218 252
1389 1430
103 847
59 1458
1548 765
2041 794
1791 962
2006 815
2254 1286
1201 705
2105 274
2182 1335
1684 1835
2456 477
2119 1360
1559 1780
2316 2185
500 331
906 1798
2397 2124
1283 118
473 222
1857 1719
2263 1561
668 968
192 1107
1192 1547
1329 26
1531 2397
2243 2435
256 64
369 793
688 1693
2437 254
1527 1181
2340 2408
1726 257
1903 170
1675 2198
1347 53
2087 1446
341 1671
2062 637
757 2034
1275 2304
306 1637
2312 464
895 572
446 1616
5 1897
810 1663
1637 846
1172 1691
1043 2478
1230 239
921 1993
1201 2383
2250 1908
1862 1527
1028 932
269 113
2423 1238
2342 945
93 2366
1371 1189
121 1084
1454 1548
424 1822
2277 2297
1972 385
1404 544
2266 1676
1092 550
1900 1966
624 1331
326 1195
1003 274
715 538
1776 279
556 305
1582 1260
591 757
2049 1515
194 1882
1087 338
1137 1242
1928 696
1789 1794
943 1631
915 593
2233 1788
1968 1652
1809 1343
957 701
2169 115
262 2120
350 44
577 2253
1057 2367
575 1429
517 684
371 790
671 651
514 2154
1336 2147
2267 692
2230 13
2150 2028
175 522
1549 1027
2450 1218
1549 1942
542 891
384 1523
2069 2278
812 225
848 1091
1380 870
378 748
106 192
1707 2011
77 1520
2254 244
921 1666
203 1880
2245 178
1929 2481
2394 1018
1173 27
2439 1126
793 1546
789 1936
504 2191
737 2223
1416 943
1844 460
137 757
2065 2205
1572 2099
1979 2024
1625 1598
1188 2203
1525 683
2379 2463
1638 798
772 26
565 1101
7 1581
23 1482
149 463
1529 808
2136 395
811 1053
104 522
596 2055
628 1937
274 1501
1398 1015
806 1206
1728 533
1924 2188
820 1039
2348 1747
2330 72
2061 2355
1192 2048
831 812
2262 314
2318 1923
1918 347
1098 2489
566 1637
1651 524
766 409
942 1336
1044 841
1681 1521
2125 625
1976 1152
520 434
419 2052
825 855
73 1036
1129 2141
830 1035
1879 1701
2467 134
2352 1948
1843 746
1799 2056
1247 1453
39 2393
1659 1047
2111 1346
157 373
945 317
259 1207
370 1353
1363 1183
19 940
1678 931
717 1976
2491 1854
1419 346
583 596
653 1993
647 1088
1306 796
746 845
575 1909
738 89
859 502
1861 330
1533 1656
196 1590
594 1646
313 251
1788 2165
2300 2140
1590 415
1717 1895
2336 2401
446 1133
2313 312
2445 2401
2190 638
1926 593
2391 1390
1402 2047
1142 1485
1942 1959
1380 1312
1302 2302
1331 169
189 98
542 2129
233 1336
2238 1562
79 354
1161 1808
897 1048
1751 987
1800 317
2285 756
1411 1606
905 1455
2099 382
1027 127
2344 1743
201 248
299 475
1847 1567
2220 740
1132 895
596 2396
65 1021
1855 771
1682 769
1325 65
170 2010
308 2146
2397 1799
269 1053
1327 147
246 2341
2394 1784
1897 2380
934 953
167 1038
1144 2454
922 1283
1617 2085
1448 169
1783 1193
2101 2251
294 424
1135 1419
2067 2109
2209 2319
1188 1560
721 2277
753 2299
139 809
1376 1366
416 2059
1058 2148
879 911
1039 991
1446 2463
1466 329
1569 940
2284 1400
2057 1794
2257 628
529 1125
1636 1928
831 570
1774 1174
2051 1610
1102 538
205 2489
1008 1522
1132 2297
1179 1110
2217 742
1041 1884
1076 1556
640 722
1110 1790
1152 2207
984 311
1576 678
1033 147
1823 423
2023 292
1184 2049
872 1393
1002 1739
1245 1836
1751 1441
783 1744
176 1173
1586 1893
2492 1036
954 1786
1349 84
423 2333
301 372
124 286
1373 2184
2334 961
2052 367
2157 720
2197 2355
2138 800
