5010 5010
2019 410
1535 565
902 4448
4005 2552
2417 3128
2631 2288
1854 4014
333 1198
2332 640
507 1706
482 658
4439 2190
3976 3954
3246 2928
4443 2723
4558 124
1433 1866
1823 4761
1166 4365
208 2292
1802 2142
4251 2360
2170 530
3133 4986
2487 3600
3823 3294
1545 3493
812 3764
4426 104
2647 1222
1355 1809
731 2740
279 754
1492 160
4433 115
2309 3193
3226 3484
613 95
4864 1324
2193 2381
3270 4219
318 709
3612 3551
1552 3859
1042 167
852 4651
4752 1129
563 4543
4186 2139
4624 1956
734 4099
415 955
525 3133
4497 829
3651 4702
2862 3668
4098 4981
2852 2889
3564 635
1500 3315
2500 3521
4024 2117
1618 4579
1812 442
4098 2700
1911 1475
4452 251
579 178
4287 642
3038 4094
2048 586
3796 1655
85 4930
4996 4969
3619 3746
4535 363
2504 644
687 4316
2462 1241
2342 3415
2531 2535
2896 4412
3765 2350
4416 4237
220 3791
4974 2906
4195 1907
845 2068
1639 571
2320 2187
1223 2260
1457 2747
4721 1747
2897 4756
3317 136
3546 610
3114 1438
1498 2092
4846 671
1008 4483
4286 3446
35 921
2259 1293
23 2725
4238 3789
2413 3784
2159 2471
4226 12
2853 535
1931 2213
1893 3479
4257 4080
1500 4067
873 1991
2257 348
704 250
1312 4680
4793 3391
1305 1657
4330 4299
548 142
4522 3665
3827 1474
9 1683
568 2658
2531 4821
2462 4334
2189 972
3575 1167
1733 4079
2622 2647
3936 2887
422 4743
2632 319
2549 3344
2970 3275
2455 1878
3551 2902
4814 596
2660 532
1184 3154
580 4045
3255 4106
1186 4264
2329 103
893 397
4138 337
2346 2676
1924 3699
468 2529
1081 3849
2622 369
3958 3288
1412 2193
1593 521
724 1481
83 3185
4859 4383
3013 1229
1671 2480
4575 3421
1322 1790
1626 3370
2347 2323
4517 132
394 2213
4459 3521
2508 4752
1549 3891
2623 4392
918 1651
3450 2357
629 2275
4908 1906
1298 1643
1145 3995
4634 1676
3513 3482
1450 432
4224 1161
2122 2340
680 132
982 665
4299 326
4621 1567
2191 1624
3823 631
264 4922
57 2558
865 3775
1456 2928
3664 1935
3832 1047
4497 927
691 4591
3443 519
1561 2047
3014 393
3667 3506
4914 3099
3323 2222
3301 4866
251 120
1836 1068
3918 3109
3193 3758
4426 594
4022 1969
1051 4860
2425 4786
295 4167
3925 3407
4069 1210
1019 2830
4852 284
3315 4243
2037 4707
4232 870
2110 1296
2603 4317
2698 4164
2459 11
1231 3099
1716 1262
3149 4265
3984 448
502 2616
2510 1179
3782 2453
2362 3834
338 2339
462 1054
3191 709
2550 4655
3385 953
1794 4819
1499 4843
1407 3997
4161 4534
2847 3223
2548 2544
4166 4033
1809 4171
818 3144
1892 4101
2041 3643
650 1634
4005 4384
1191 1400
2109 3378
1111 4717
275 4702
3016 4933
1551 3851
200 3379
2465 4571
2024 2244
3160 526
821 4612
1221 3363
255 1509
1745 951
618 4048
4479 540
248 364
4560 3933
3331 4006
2286 1835
592 4003
3784 3317
2565 3340
3444 69
4945 3012
84 4669
2119 3570
2107 762
4663 1601
3783 2339
4946 4207
2221 4862
4337 2794
1839 3498
2480 3072
932 1096
1887 463
525 3259
3655 1928
1241 4174
884 602
2510 116
886 1833
796 349
48 703
4427 3792
1558 1693
3201 139
2639 4575
3431 2581
2559 1051
3203 4916
2547 4829
4944 2412
2106 2848
4259 252
70 1005
1725 640
1345 3637
4409 4571
3193 4814
4135 538
169 3861
3674 1665
1880 359
1271 143
3677 3572
1235 840
663 4566
1267 3014
4898 4580
1568 503
1125 424
3968 4924
2355 2010
244 3969
924 2947
467 1291
618 227
1935 4032
3114 2958
1615 4453
4868 3384
238 1768
4157 3803
1289 2019
2544 3925
4730 166
626 1171
3709 2660
1188 708
4023 3247
2555 2026
382 355
1109 4128
580 2539
226 2015
1409 843
3534 3407
2408 4410
1146 2370
3409 2999
1503 287
2817 494
871 3648
1702 4290
3091 4113
2119 2854
487 3793
2295 4614
2973 475
1945 2679
204 4360
523 742
2344 3184
1967 3364
3591 2502
3915 2428
2713 1458
2897 2141
2478 1929
4740 477
3552 4180
277 2640
4959 1112
842 3408
4819 2198
2284 3429
207 1940
508 3585
436 3851
3414 4073
2836 3577
237 3430
3134 864
4876 4579
2330 1789
804 1662
1477 323
4459 303
1059 2994
4980 1320
665 595
1226 711
315 2960
307 2612
2827 1274
970 3392
2199 113
4214 3406
3705 1283
4064 1195
2014 167
1290 3067
4157 4901
372 590
4038 3158
4739 4050
3745 3949
3668 4811
3625 3044
3209 1343
530 3020
3217 3536
743 2885
2329 3221
53 2123
4002 104
2858 15
2755 554
27 4193
2144 4470
765 2897
1765 3904
2547 849
594 3571
3874 334
2334 1706
1631 4910
3927 953
859 1400
4118 1607
1240 2891
2187 1034
64 4210
1157 2480
2763 3289
969 4887
1073 2835
714 3425
4440 3299
987 1298
479 1401
1422 2574
4906 4446
737 1493
1159 4536
4303 1732
1518 1661
2273 1155
535 2568
1248 216
2540 3861
3708 2247
2781 994
4604 4938
4297 4449
4474 2195
1285 3910
3570 52
3006 2548
1115 679
2297 63
4183 2735
3202 1213
3090 716
328 1081
813 2118
868 4251
1034 4570
3398 1227
4395 2747
2580 3012
1329 4270
4375 3035
4798 4858
1047 1729
3626 3389
20 4129
3489 64
1875 1316
4139 4647
321 4597
3227 3236
2027 4236
2586 456
4826 4712
3106 4189
3778 4864
1764 4372
3445 4680
4571 2065
4409 112
4747 4336
4639 4906
811 2518
257 1115
1135 4917
4042 4074
4898 2313
2880 375
1788 3343
2794 274
3091 4536
3385 640
4178 101
1634 3094
240 4286
3700 659
784 2461
504 3152
1817 2228
3996 3650
1296 3703
2756 1654
3310 1666
4998 3435
3676 3728
2316 962
3287 4696
3095 1631
73 2411
355 2398
2665 4355
1518 2464
4171 1570
1041 3402
4172 274
2635 4390
4379 1299
4886 3370
3067 2383
1203 3474
3570 3131
2801 134
2368 4026
3864 4812
215 216
2746 1330
104 3896
3053 2104
3497 2863
4819 432
1221 2530
2227 3145
382 289
1810 3962
4357 2178
4869 3136
3235 2476
1137 370
2950 4853
4674 2364
3376 1352
1533 1710
1115 3055
1810 2756
4289 1052
2876 2456
1574 419
3710 4999
2241 1330
4661 865
3548 764
3766 2094
3926 2472
774 2341
4159 3332
3775 3582
3956 2859
2157 89
4947 749
4804 2328
4749 496
2921 2919
4037 739
1742 4754
2663 3891
211 4367
4101 3166
1808 2426
183 4042
2641 387
845 2238
3308 171
2917 3930
3772 68
523 3465
2787 3592
1761 4594
3303 2272
2667 2271
940 4738
1405 2286
4198 1320
1006 2754
4911 4777
4571 582
3889 2448
780 438
2403 3277
3824 3499
4014 1831
746 143
473 4457
796 1818
3041 4385
3104 822
971 2913
4351 3703
2063 3434
4067 4960
2886 1203
1202 4412
4997 1578
3869 3933
2797 4562
325 1122
3415 336
4152 1312
531 4466
2820 4099
2746 2036
739 2889
471 3504
4917 2863
4489 1711
1007 1779
721 3702
1716 2543
3521 659
4184 2425
2692 4677
4675 4422
57 4456
377 471
3069 4755
1954 4512
553 2730
761 3877
1410 3501
4860 1537
1406 4591
2961 944
3258 4376
1172 1314
1317 4099
1631 3769
2900 4491
1876 4310
4044 416
686 924
4822 1190
89 2709
3009 1952
4989 1637
3395 1194
2605 3089
1760 4859
879 835
3684 2447
1639 1433
545 3473
3981 2269
4853 6
506 3398
4815 766
243 1137
1813 2670
3102 930
3644 2196
2616 218
2459 2738
4036 4731
3200 3799
1337 3206
2280 2341
1766 2492
4394 3143
2451 3929
3379 780
1525 3545
2046 4098
701 1662
3098 2352
1580 4650
3590 2583
1801 2480
3130 936
4827 2066
1493 3248
3930 1022
1282 4137
956 1522
1325 3736
2103 3010
4966 4192
259 1382
1946 2359
901 3762
3775 3154
2280 3829
12 4273
2321 1933
2862 2868
3145 993
673 2592
2461 2016
522 1789
4248 3936
2288 3315
4582 3213
1735 4318
4576 187
4190 2378
3421 4266
3807 2838
799 4013
2209 4086
2720 582
1218 3597
1455 2124
3706 2857
2028 2266
3251 3660
9 3650
350 3432
1815 738
1460 2623
1115 1152
926 705
4281 3104
998 4323
3011 510
1479 4109
474 623
3801 631
3859 4973
117 4807
995 3120
2394 1807
2935 4297
4157 4409
2238 4254
4996 4984
2232 1575
924 3650
3872 4419
3436 2142
792 308
1592 3913
64 3543
4687 386
2803 4667
4223 4816
4417 2959
2083 914
3697 1053
1723 2269
4121 3053
4115 4291
142 2693
3600 2754
5004 828
4075 139
3289 1945
2535 981
3975 4745
4064 1342
1464 4828
3290 4620
1537 4912
299 4999
989 4052
1740 3312
464 4473
2381 892
1220 4105
4071 3920
3059 1483
9 161
1450 3696
4918 3076
2107 2081
1945 3569
525 4263
3512 4272
3865 4245
1172 4078
963 4749
2238 4489
4568 1079
776 5010
4948 3369
376 2322
3627 4012
2338 1040
746 1301
4532 4095
1506 1337
4383 4129
3162 4741
2539 4942
602 3638
4016 4472
488 479
3223 3861
1194 2872
3266 4264
3686 86
359 1562
1090 4839
4117 2322
768 4997
3000 3111
3063 930
2252 2573
895 1389
2927 3570
4562 4630
685 3958
4383 4226
18 3387
1860 1491
3523 638
436 906
3031 4577
228 623
4642 1914
4322 503
4306 3590
4615 3011
2576 3317
2387 2886
3704 4555
3685 4484
3737 2876
4030 960
4949 1652
1349 2852
2806 1342
357 3649
2581 2196
4024 153
2386 1663
4614 2501
3574 3725
2968 2724
3586 3681
1459 679
1041 682
3430 1580
4058 4535
3350 4116
1468 2351
3865 897
3473 2019
1890 4947
3391 63
1706 2345
2060 1327
3887 4993
387 1000
608 4523
1721 3928
1287 2521
3578 4067
874 2726
147 4670
2817 3223
4160 4519
4192 4700
355 1639
3851 720
4255 5008
4135 4118
2700 2234
1370 1246
2102 921
2422 845
2479 3679
3931 3942
581 3413
1475 2219
3334 3925
1387 3071
110 2394
2902 1818
1718 3115
1931 3602
506 334
944 3011
3038 2811
187 2072
1439 2869
469 2528
3270 2226
4806 3152
285 1335
4569 2738
3431 4378
1794 4586
832 1310
3013 2250
162 3678
1737 1796
4996 2890
2023 1472
1185 301
3246 333
4018 3141
4689 1040
2325 2870
1817 4414
4277 1045
1962 4083
4095 3402
168 3872
3319 4600
901 3166
3029 709
855 172
1187 1914
1610 2501
2734 4526
424 3165
214 3825
2494 1805
687 3119
3626 2665
2533 4233
3006 246
4707 4563
3037 2777
2227 1234
2857 1318
1989 1013
3923 1038
3785 3716
3660 3899
2161 4042
1895 718
3814 1333
3013 4005
626 745
421 4831
2983 4611
1811 598
1611 4309
1884 159
3238 3191
4805 2001
1228 637
1259 3329
2228 357
627 4624
3208 2692
2592 4214
4336 2244
4533 338
478 3797
1721 1854
208 2944
418 4590
55 3386
1383 1501
2386 4450
2498 3456
4219 4490
4770 4342
4318 4938
3259 2072
4912 3699
886 1502
132 2969
2484 7
3484 4110
2793 255
4439 211
653 3854
1508 3768
3602 1575
2641 1033
4630 4071
1086 1870
733 1229
4054 2207
4012 619
3295 1811
3872 688
4731 2368
2986 4802
1999 1045
4917 4065
1048 2592
1850 3778
2935 2119
4484 3087
4079 4252
4723 3015
1646 1321
2836 4943
636 4410
4536 4449
1435 2034
2251 2307
641 2270
4178 4814
4273 4174
133 4368
831 2062
1752 4119
2170 820
1130 3994
3285 1035
4204 2352
2363 4826
2324 763
2125 830
5007 4356
2712 450
3636 1260
943 3835
4346 2238
404 175
262 4270
1439 152
1518 1214
784 211
1284 2961
1753 393
2372 3960
1703 6
1126 611
4968 2742
1660 2223
180 4363
4550 2235
3986 3477
2195 1788
3203 1804
1427 4876
825 2084
4782 3463
649 2675
223 652
4713 4689
2594 4851
1142 759
4546 1075
3209 2656
1461 2020
1261 807
4481 540
3374 3689
3278 650
4143 3908
3646 3874
3589 1716
2684 1268
3381 3540
3025 743
888 3864
1460 1007
4602 1455
860 17
44 2798
2023 2924
4020 4760
2661 1314
4249 1334
2101 311
34 3286
3855 2777
3963 478
4319 322
789 2888
770 265
4195 4884
3626 4992
1715 4597
4061 1744
4097 3803
3475 2067
1817 1405
1287 2641
1547 3871
2074 3486
1984 270
741 1574
2914 987
1346 3304
1800 4693
1765 2849
1910 355
1166 1799
4642 107
1047 3191
2653 3405
4805 1785
3665 1229
965 2799
3640 1819
3120 4349
3170 3057
4487 3109
653 4672
963 3628
1381 4993
361 4193
2086 3110
995 762
1611 396
758 3248
2959 345
207 4266
2359 1736
4820 2582
3202 3611
2712 1418
2377 1031
4165 1436
3518 2277
4851 3974
1260 452
1999 4295
1612 3565
3830 1499
3409 4955
1534 4224
4172 4158
1398 2298
1539 167
4363 4868
3553 3760
3956 4056
1425 1984
3212 4974
2672 243
2988 2723
1821 4847
4301 1112
3935 901
673 4251
1446 4822
3623 561
1146 4648
3090 2111
1719 3074
866 4067
76 4400
4776 4799
1402 3425
4758 420
3119 2966
620 1672
1520 2112
2689 101
418 3677
4115 2699
2920 3167
1689 29
871 2143
1971 4706
2862 4585
4505 756
738 3680
561 2021
4579 1343
2627 4316
4147 4160
4088 3761
4940 3274
4241 2852
1412 2499
4187 2093
3283 3307
3337 4746
3168 508
923 3539
2367 4911
3825 3447
4035 54
180 2928
4281 4599
920 2998
2999 505
4127 3070
966 4112
2236 314
2433 1773
1607 3834
3343 173
477 1062
1415 634
4824 133
1978 2219
3991 4595
2455 4444
4481 316
70 3289
4406 2539
4536 4781
2111 2020
2824 1548
3751 4951
66 3052
4259 4076
2276 759
3468 3463
401 405
2384 2046
2729 759
4899 4023
4109 4835
3626 581
3010 4493
2561 1076
4104 4100
4168 2928
3440 6
4728 3629
4855 4804
4217 1513
4481 2255
1466 602
2596 2495
2680 1188
4988 3347
3115 1383
964 1202
722 2906
2688 971
1125 4681
2931 411
4405 4580
2907 1868
4052 3803
1179 4499
2416 468
1414 3012
227 1795
62 3977
1688 3787
220 1506
3096 2999
2100 3351
3306 3102
2405 2556
4605 3774
2300 3934
2157 606
2318 1089
1297 1838
2694 2909
587 4194
2010 4302
2607 4498
3915 1544
3407 4007
1114 3423
436 3469
817 2279
830 3579
4881 4309
1770 4428
1136 1634
2883 4417
4067 50
4513 1218
2468 4292
3298 652
1313 1320
298 696
4881 1361
248 4444
2363 664
970 4558
2518 3592
3496 193
3036 3740
2700 696
3023 2873
2282 1404
111 4101
1403 1423
4138 328
4970 4445
135 3099
198 3280
380 2021
3927 1565
3407 3719
3969 2239
3773 1446
4841 365
67 1848
1219 432
4585 4117
2183 893
1936 4273
4100 1784
727 1662
4233 310
2660 3862
4946 1570
1629 1405
3628 672
3906 4111
3870 2837
1749 4270
556 3583
1101 1151
458 5002
3065 150
541 2380
3846 1267
4867 3270
4560 3606
2371 1110
964 2176
3180 2435
586 3116
3870 3244
4677 3685
3582 3656
283 239
989 2240
2066 3055
2478 1815
2354 2940
2862 4766
3110 3445
4033 1533
1391 4485
3070 1557
2911 1806
2145 2144
752 2370
4667 4561
3640 3057
3000 2828
1551 533
1426 4873
1298 1029
433 4964
145 931
1167 190
4121 3835
701 1989
2170 3288
4338 2194
1954 1883
497 1585
4554 19
563 3395
4322 959
3657 3188
1197 2898
2196 1616
1994 2864
1801 3189
3961 2864
2292 3032
4598 3444
4654 3564
2627 1973
3521 3711
3203 3375
1804 2444
418 3082
3446 3672
3672 2048
1407 4604
1468 4861
322 3829
231 2911
663 4648
1479 4449
1487 4620
3922 3986
2380 3952
4663 4134
2262 2974
1489 3562
3392 3465
1718 1984
1876 2714
3434 3679
2750 4497
3829 3241
4414 3835
4621 722
4496 1354
1190 775
985 3741
4826 1459
1768 3863
3487 1596
1133 3426
3296 2081
2889 4395
4687 991
519 4563
1414 532
1239 4110
1882 4165
4590 1190
4450 713
3746 3721
746 3550
2465 2712
2085 3515
180 4220
1519 4858
4937 1888
3412 3885
4891 793
1237 1405
170 562
4887 4023
2490 1269
2667 1787
2669 4175
4697 1580
1807 1867
402 102
2699 1245
1659 2920
1536 3429
4440 2586
546 1396
1981 4164
685 3871
2632 3453
1859 2513
3013 1115
1910 3154
4233 4987
4767 3587
63 3542
4562 1242
3788 695
1991 4772
1077 16
1303 2820
3228 4760
2378 3307
2475 1936
4885 3210
1236 268
41 3613
4401 4599
2812 4477
2223 2821
789 2809
2388 3962
374 2906
2472 4569
2530 4882
3545 4496
4776 4028
2233 90
2766 141
2694 1442
92 2752
141 2908
1681 2820
4596 4665
4642 3661
4343 3808
528 1736
4116 1276
3407 915
4689 1500
2361 3778
4291 3002
3337 3416
197 4899
1573 4246
1145 3956
963 2099
2139 1437
2089 1614
809 3159
3966 4987
3891 3795
2488 71
1132 2349
129 4048
2412 229
558 1736
180 3377
4065 3024
2348 134
4266 3177
2894 1487
4158 1517
1273 3192
3697 3921
4545 654
3389 3358
2638 3538
2809 3645
1791 3833
3329 4102
647 144
540 1842
543 1426
4320 3776
568 1712
4815 2331
2816 4878
2513 198
3041 1394
4568 2573
3849 4975
358 638
3494 261
3717 288
2021 1648
4078 4439
126 1343
47 3447
3170 4991
2450 5005
1982 4727
2822 2961
3717 4761
4084 3420
2820 3943
4830 166
726 1708
749 1345
1845 2033
3568 2738
2866 4769
134 3155
2628 1839
2499 3294
1914 3016
4505 4856
728 4087
3609 37
1355 108
4416 2138
3443 339
2097 2217
4636 4572
114 3260
3761 1067
2326 3792
4815 3655
4391 1355
2022 759
2929 4773
4107 2893
2531 4513
2080 4457
4927 1155
3548 3850
168 2554
2544 1235
627 3602
3887 933
4330 879
4218 2159
2433 3344
717 3127
910 4446
2864 763
2454 182
2227 359
2492 1672
177 1193
295 2661
2822 3606
1958 3342
3363 2516
694 1240
2930 3179
303 153
150 4474
2028 4371
2412 955
1772 3512
3514 980
3824 1036
2231 2399
519 3428
3520 1264
1567 2132
249 3662
61 3957
2608 2988
2474 907
1467 4207
774 136
4722 4118
1294 786
1894 4263
2840 1659
3113 2129
439 3266
2576 4343
4920 2016
717 951
888 2255
3386 4886
1416 4810
2708 3027
2246 4939
2575 1260
1742 3667
2183 4297
4755 3689
1434 4435
4797 3626
1396 1600
4665 2950
3239 2594
1763 852
3499 2618
1017 4284
1863 3283
4985 1721
1702 2454
4224 4128
945 4116
2698 4675
2901 2088
4833 3474
4377 3586
3510 3468
1137 3791
2992 4144
2719 4803
2065 3163
3700 2547
934 4565
981 1095
376 2935
3800 2526
1011 1732
3331 3677
2873 4215
2522 696
1043 702
3423 2599
1442 2695
3404 3746
2778 1189
4631 4708
1551 4125
2962 1365
4281 2933
3546 309
1581 3707
4741 2093
4538 3981
747 2454
4058 4908
2815 2613
3588 2128
3770 4108
3667 2631
3704 3606
3762 848
1492 1273
3881 2882
4993 3476
1394 2119
306 820
511 2
2912 2457
1991 4634
1280 354
3182 4173
3015 619
1918 2896
3129 4958
283 1153
4030 4350
1022 1501
2896 1891
698 1923
1411 1746
3272 1481
2757 4657
2469 4411
393 3439
3044 755
3298 3159
2441 908
3964 842
3529 2450
760 3583
4533 1885
3002 4440
640 862
1362 964
194 1203
1386 625
4246 4228
4351 2625
741 1501
988 1692
4860 2061
4870 2133
3369 1222
858 1518
3332 3247
312 1389
692 3632
2773 4901
1735 540
1066 1758
4033 3324
2023 287
4888 2924
4264 3093
1602 228
4114 2046
299 2862
1091 3059
445 2274
2734 2391
654 2427
4202 1865
582 1779
3699 1486
6 2694
1682 1023
3146 2756
4252 130
3659 303
3261 950
1001 2043
1207 3501
4713 642
4246 4874
617 2340
632 322
4509 1116
3826 2782
2107 140
4662 4269
3215 3040
3347 3803
3686 3390
1545 3487
3793 2991
2818 1450
1578 1726
3081 824
2320 1991
2528 2008
4752 4472
2259 3741
1903 2392
4760 3907
2986 4121
647 316
2458 1550
2620 4098
1638 2967
4447 4338
4678 4218
1400 339
4293 4364
2100 326
300 1117
1878 2087
683 4283
2288 2198
69 471
1109 2648
4350 4809
3263 2973
3716 4323
1375 205
5006 367
2751 4236
950 4676
3189 2784
4995 4329
24 3565
4651 572
3737 3582
222 4823
707 490
2824 3443
2602 4189
239 2599
4336 3391
2168 1354
3935 3296
162 1456
4699 2982
4271 2606
309 1054
488 2149
4655 1417
3934 1877
4837 984
1673 736
3542 1370
2370 109
2867 884
1850 4939
4530 3925
2868 1449
3078 3590
4204 3784
3764 3098
591 1406
4212 2097
2578 3100
1754 1783
987 2166
4882 888
3557 1054
2138 1034
2119 4943
238 4868
5003 873
1088 2631
1516 3248
3084 1787
3099 2337
3177 2604
647 244
1082 4931
2205 4072
2393 547
4819 4180
1937 2837
1063 4051
4822 1672
616 3070
622 4296
2664 558
2955 4574
1271 122
3162 4355
246 533
3677 1201
1377 2113
1041 2401
3789 3031
2355 1052
4207 1938
3016 3886
23 2805
636 1
345 4923
2396 876
2500 3983
467 4581
4174 3438
1205 3510
725 4305
2563 2843
792 2026
4854 1805
168 2848
4023 107
2179 2784
3884 348
637 1933
1992 962
4457 1924
1446 1429
1154 4016
744 4557
1219 4308
2763 1068
4823 3371
616 2743
274 2931
3977 4158
1655 2863
4961 4282
4325 3852
608 1079
1832 491
4795 1633
4445 4031
4794 349
382 4687
553 3011
1241 4443
3066 2945
1618 2333
4704 2076
657 4447
958 3941
3838 3152
2137 3481
3768 4768
2200 1538
3400 390
3718 4813
1201 3231
89 824
1362 4395
4305 1326
3312 1453
3018 2314
492 2306
1392 3321
1472 1846
2240 1806
3784 4882
1353 235
2868 4969
2426 603
636 121
3239 672
3101 1675
4372 2259
4925 307
79 1238
1802 3842
4751 1367
3772 1505
3120 2241
4884 1090
1320 4443
307 3118
1360 2185
2468 402
4363 1858
3307 4866
3562 4738
3726 3195
801 3757
3110 4025
4042 4132
2170 4573
2309 229
4883 1044
2391 3095
2300 1898
600 2035
451 3180
647 871
2175 973
2295 98
1740 1721
1448 2692
505 849
4116 2015
425 3147
3915 3054
1449 2737
2791 1903
3444 1847
133 2572
4052 2107
327 909
4452 991
3901 4499
572 3151
3340 2540
4330 2661
1545 897
1642 1178
184 625
1232 4310
833 3113
1057 3980
3105 3399
4231 1915
766 3598
1054 2405
2902 297
1612 493
3268 6
4176 841
1308 4022
26 4394
1586 3291
4973 3624
1486 2221
4104 2334
730 17
2112 2790
2925 409
2260 2983
253 1893
4088 110
1779 547
1175 882
1540 4241
984 2313
2051 1742
381 3416
2178 4842
1371 3333
4834 1345
2456 3902
4673 208
980 774
1938 4003
163 3051
667 384
3707 3180
4820 1456
2508 2424
3706 506
3898 2037
1525 3223
2175 1
1414 2628
3815 4353
2626 3746
3980 3833
2752 2668
4755 3365
2163 418
2457 3043
273 4403
628 2137
1395 2444
1199 4717
4318 4275
1031 927
4295 696
1412 1631
875 777
355 3564
4447 3109
3918 2828
4679 1513
2493 1629
3172 1535
4417 34
2519 3631
839 1757
1105 444
3479 4395
1055 227
3794 2548
450 3985
4849 414
3662 859
1669 50
2694 4706
349 3066
2689 4821
1289 594
1120 902
3361 319
2919 2993
3277 3915
3383 4603
1707 1983
4423 3835
1675 3367
3084 268
1740 1937
4450 4295
3640 1682
159 848
2688 1162
715 1293
217 897
4265 902
4109 4650
361 1219
4359 657
3319 2688
2113 2757
3458 2079
264 2706
505 746
3854 4286
517 851
3697 3821
4676 2697
413 3335
1011 4377
2739 4337
2783 4582
3936 254
2682 2829
3020 4805
2086 2880
691 3654
3252 1745
808 3014
3550 3992
850 1654
1975 2825
430 1609
4458 3059
4634 263
2863 1444
2470 1574
1299 4304
913 565
2383 1950
1617 2470
2535 3078
1007 3562
917 4844
1584 3612
4203 2092
4946 1220
3801 910
1289 3586
1472 1295
2166 62
2184 524
3277 4384
3686 408
2740 2469
1364 4476
415 1869
2724 1329
3096 707
2967 2205
2100 4240
1863 6
2194 2592
3898 611
1707 3113
4376 1562
4118 4763
1937 4425
194 2502
1796 3921
3812 1099
3074 45
4522 578
857 4219
4137 4492
4733 3150
1966 1512
2617 3881
1629 742
2138 788
13 3718
1484 4597
1864 2891
3970 1183
273 2807
879 1527
2777 3766
1693 1751
1477 4038
3680 296
530 2672
5009 3113
2472 3698
2749 2270
654 288
4707 1893
2541 546
79 4898
4662 110
4341 826
3965 4489
3215 4254
373 706
4755 2456
1352 3437
710 4271
1778 160
866 3135
2823 4299
2817 957
4219 3401
82 1049
4507 4030
4880 4217
2511 2234
4493 1456
627 3932
4550 4204
3938 2389
3170 4830
4460 3811
3746 607
4280 4680
4751 2327
3858 4792
1408 1224
3836 4272
1195 1415
1706 582
1347 1612
2930 3620
483 3126
3437 4075
2562 2901
3216 2686
22 1622
3089 4993
4606 4058
2914 1468
1500 2655
2930 4137
3638 4208
3036 4666
723 925
1675 2462
3294 4252
2665 1393
4179 2922
1710 1707
760 1543
4215 2046
2179 2406
4909 2404
2725 826
4620 1634
1735 3
2253 2843
2159 808
2017 2813
1101 4230
208 2989
672 3926
1518 335
4891 4577
498 2924
1018 4363
3992 2057
3518 4087
3992 2263
3618 3478
1048 1247
3020 942
2365 795
1163 4482
678 479
897 2876
3873 2056
52 1372
2622 4884
3498 3843
5003 4992
1634 4839
1241 3169
2261 1094
198 2292
1709 2298
515 470
3700 1761
4555 3961
2912 1482
1474 2281
4849 995
3093 3045
3706 341
2100 1635
2963 4004
3872 1324
1413 4904
2590 2932
118 3103
4977 993
1182 4731
1938 4985
1294 3570
309 4059
1536 1633
4752 4973
3332 1124
306 3548
1774 3307
4980 1860
2876 2595
2826 2725
3256 2189
4882 1748
728 980
3610 3806
4135 3476
3207 3923
1459 5005
4052 715
674 2176
3877 4080
1965 1414
1417 1893
4723 368
3188 4884
178 1567
1387 4053
1769 858
684 3961
1240 4808
709 546
1099 5007
1389 1270
2683 3949
3185 2460
1810 2915
2828 439
4776 3545
2927 4881
3618 4019
1391 2820
3145 4797
1193 1534
4458 2177
4532 4152
3466 3149
670 3964
2859 3444
3017 2970
1416 4003
1706 2939
1635 1049
430 520
141 2891
676 3051
4409 273
1490 2754
4679 1913
4069 3161
2252 3924
3579 3435
5007 4755
4472 3918
4505 2466
2449 2947
4385 3049
2497 3890
4860 4142
1587 1933
2065 2060
4458 3160
2678 699
4473 2780
4369 991
2038 2565
1324 98
1007 432
2257 3200
104 4472
3576 4360
239 349
364 2951
1794 3564
907 3008
3749 722
2557 3328
1426 350
3856 2255
4568 2629
126 1159
153 1238
2622 2650
3446 2194
2794 4480
3168 3159
2473 1046
1736 904
1454 4706
4218 1846
2726 2504
919 4474
635 2805
2749 4087
3162 3783
462 1770
3296 2732
4539 1500
5009 974
20 4678
1162 3547
2061 46
2412 1154
2482 1097
1437 3385
2934 1996
1522 1161
3229 4266
993 3288
2890 4504
566 2127
36 3161
1409 1203
4297 1730
1713 2463
4667 4464
445 4140
1438 4017
2117 1615
109 1600
3366 1360
3939 3856
4264 2909
3828 4051
2244 2261
4740 2015
3090 4932
2382 4420
3510 158
3768 3683
242 3778
127 1074
1981 3873
2943 2369
4136 4671
993 232
52 2233
2091 1636
1344 4498
3321 277
4520 4304
2398 3117
2017 1685
4551 4828
356 1840
3404 3029
211 4593
2121 3411
1137 665
3920 1726
4936 2288
980 2311
1902 367
318 2897
2846 4849
228 1096
1426 3744
1419 3619
2586 4564
103 2522
4625 220
280 1118
1815 1614
699 1452
175 1629
2379 782
272 3458
4710 3761
355 1551
1197 2774
1464 2087
1091 2437
4965 1526
3213 923
207 1276
4348 866
619 4040
2114 2715
991 1263
2489 3623
2587 4233
2527 2485
2972 2965
2500 1213
4846 553
298 4267
4619 504
1767 2024
1834 4704
3360 903
2828 3953
3535 4340
3839 2668
4650 1857
2581 2549
250 828
2512 605
4155 65
4233 2941
3954 2100
1803 4609
4848 1137
3990 572
2817 1724
4084 2828
5009 36
4034 347
1101 4031
1700 242
57 600
2073 2393
1985 3796
213 1348
3231 1526
2778 4919
361 1157
257 3002
802 2725
2032 3470
4701 3705
668 2071
581 993
3534 3923
3404 3042
3361 2131
4638 250
4195 2918
2754 2910
2150 1817
1038 2807
749 1124
1323 286
2115 4299
4030 127
1369 2719
669 2206
2305 3810
1956 3002
892 1100
3342 697
389 2002
4175 2344
2698 4722
948 730
826 1262
3924 4598
2330 3558
2170 1649
1 2342
1458 1309
1185 3581
4316 682
2031 4647
3294 4581
828 333
6 1882
1427 1069
4026 2409
3191 4919
2571 1339
442 5
4935 131
975 3477
4426 1618
4467 2109
4352 1407
109 3820
3068 1608
4180 1921
4110 2321
4239 4402
4101 912
4426 1239
4078 1937
4884 880
1975 389
291 2756
2341 1043
869 1488
1477 1386
4504 3785
4199 2046
4185 2675
502 3521
7 2614
1473 1530
2190 3099
1469 4973
1622 2349
2852 3654
4337 3891
4195 2528
3272 4828
1418 2347
69 1211
1235 2854
4276 4584
2694 2039
1866 3369
855 1900
1969 432
4353 988
2889 130
1890 1996
3290 3121
1654 479
4757 4013
3582 137
3190 4138
2264 2951
2759 4587
3993 2248
4171 2435
4052 1635
3843 3359
1316 2637
2740 170
3434 3411
4670 2100
1227 2844
738 1567
3091 3305
1415 1584
611 4205
2423 1009
1512 1503
92 3839
329 4585
3345 937
2769 8
870 2188
4750 3515
630 4107
4573 669
3870 3214
2467 343
3792 2795
255 2342
3453 3998
578 4042
2160 3783
3774 3298
855 951
3266 2411
806 276
3467 3432
2263 69
670 361
3344 4310
2017 2792
3426 56
2804 4095
2835 3892
244 722
164 1575
3509 980
1549 3214
719 597
3512 4915
2004 4016
2098 1344
2425 1062
2861 1553
3293 95
1516 1230
3924 725
4684 4051
2968 3292
1350 4505
799 2804
4772 329
120 4414
855 2705
115 2778
4529 2280
2299 4206
3928 3402
3857 4136
1915 2768
755 4481
4591 2418
8 4453
4602 3657
154 1558
665 2170
1705 3957
749 4686
458 645
4234 4810
494 3074
2370 1631
2923 1697
1006 29
366 1811
243 1880
412 2658
1420 1981
4814 3182
4121 1612
2809 2185
1442 4774
252 3935
4434 4299
1174 4960
150 3770
532 797
1220 1274
3286 4025
2205 3733
3477 3065
3889 4562
2317 4556
1897 2415
2525 2744
648 3707
4969 4759
4154 1569
3018 4088
2932 840
3670 474
3186 3178
945 4211
918 4829
266 363
4536 782
2158 2066
1869 3519
3760 691
4850 4215
937 2842
3317 2703
4136 2103
1744 4165
4586 2795
1230 1702
5004 3404
473 4022
2351 1684
2490 4217
586 1447
103 4135
623 32
4312 2641
1568 1065
3406 2157
4230 2964
4570 2045
2109 594
1926 1366
3815 2781
3244 2214
2495 1873
208 326
3121 1070
4851 4389
1122 86
4062 579
2420 3449
1159 501
1312 2056
882 2153
3275 4597
4334 835
4989 772
4506 130
704 2424
378 4758
1888 1151
4551 2173
3827 4799
4016 2319
1807 4262
3101 4809
3570 2591
237 987
4784 4054
2276 2208
3784 3550
3288 3939
1890 3599
2169 297
47 4406
588 4664
4541 3537
3036 1353
2929 2062
3909 1177
4976 2225
2763 908
2160 3019
1912 4525
1600 1250
2262 3267
1076 4537
2328 3667
1622 2824
2438 994
3264 764
1189 2938
4849 1457
3239 232
4634 3569
4630 1978
3205 1552
681 861
1523 535
4556 2726
4949 1750
4869 62
4496 1110
3466 4842
974 220
299 4431
3709 4649
1968 371
3762 889
225 3260
3273 4810
603 1028
1132 468
2397 1929
4235 3816
4858 4659
2664 2905
4814 1777
1238 3400
4371 223
4309 4609
48 123
2803 2637
2497 2528
2424 1122
2901 591
2576 4624
1385 3947
1397 2916
1912 4294
3160 4578
1594 2340
3329 2350
3417 2219
534 1799
668 3276
177 27
826 1154
1661 2870
4390 179
2757 2197
3147 3945
554 3104
67 2915
3629 3486
4361 4248
2295 147
3777 3507
4392 2039
1288 3259
3797 1473
609 3128
660 263
2368 4872
327 3321
428 3425
3599 4778
1704 4333
4120 984
4467 3592
1329 1112
2254 1568
438 1355
1538 1103
2522 4098
198 4683
218 4574
3860 4599
245 3006
2844 4323
4927 735
1274 4437
488 219
876 339
3972 1879
728 912
4595 1330
3549 3941
3326 2772
3889 563
4779 1388
2132 1528
1635 828
3124 4605
2369 3018
209 3643
476 4886
3792 4671
2283 3809
4157 4348
2058 1061
1315 1824
3296 773
2133 2905
2038 4286
512 2547
1492 1087
3806 820
2250 107
2670 2437
1069 1103
2695 2222
3119 3020
503 833
3594 921
4308 1245
4106 3566
1014 1261
2069 372
3660 4322
1498 2364
4504 3441
2384 3325
2240 3533
3432 2158
730 470
4270 4708
3654 4717
3806 308
997 1198
2449 2283
3896 3458
3783 4217
4009 3507
1208 3665
3350 1107
3098 3684
4619 3456
4168 2960
3315 2184
4436 490
3762 1179
641 169
329 2278
2727 2703
1430 618
2915 1101
2474 4967
3702 2113
4724 4828
2687 4317
1849 541
4564 1963
822 2135
209 4202
3529 1716
3402 1191
4539 4274
2665 3579
1215 2316
4937 345
447 3329
4395 792
3128 939
4841 4805
3666 3529
1790 2142
1323 460
3249 1575
2268 94
4506 129
4160 3404
2814 2375
918 4919
4832 3055
4410 1465
1531 3228
589 2359
529 383
3154 2164
201 3672
1600 2824
1374 1796
4564 4106
398 4970
1652 105
854 1338
2228 1243
2551 3225
2033 4562
1888 2367
2004 1201
4875 681
51 1464
2074 2478
4624 3291
2560 4893
1378 2352
4890 3545
4239 3424
1196 1000
9 1003
137 1311
427 4636
4690 3229
282 3942
4324 4257
334 868
4690 2177
1372 536
3638 170
795 4277
2732 2147
495 3430
2061 601
836 1973
3659 2061
3642 999
4251 2479
2483 4056
2767 3018
240 828
3207 4778
1439 4646
4176 3386
4127 2406
2687 3735
4208 3403
3477 1136
1396 280
4055 4222
1128 4583
3879 4433
2164 4343
1333 2451
2967 4707
4276 2935
4324 42
1715 4775
779 123
3595 648
3541 1434
217 4123
3585 1962
4135 57
3471 2458
76 1685
4270 234
4883 4513
3729 1485
633 2687
3346 3000
46 4942
3004 281
4209 4904
1320 124
1094 1030
1490 523
596 3779
1899 59
3948 2872
1290 2741
1363 3276
178 4139
3167 3113
2555 1324
4350 2649
854 4181
1204 1259
74 1355
573 3259
3984 3067
136 1277
3221 4502
2926 1326
4232 1245
1331 917
2975 258
2984 4149
3488 831
1398 3450
1267 4735
361 2916
2939 4618
3632 2943
65 2818
179 2323
337 2258
3021 4777
994 1243
1106 2074
2206 2510
940 2195
1677 3291
2120 4007
1814 3220
3745 4076
943 2834
2216 602
900 914
3790 2575
2730 3625
224 1115
4437 4848
2223 2860
577 586
1592 1419
4539 4584
3044 3571
2809 2212
2075 3013
699 1212
1478 1867
3734 2884
3729 3599
3110 426
2165 4463
2579 1547
2811 4825
2434 826
1826 292
617 829
4106 994
2849 4978
2277 725
3243 4536
4477 2765
1454 44
3865 3051
3881 2385
2089 4983
3125 2420
270 4867
4332 2781
1978 2453
263 1020
1206 4355
2683 4615
1971 4432
4004 2118
3443 4628
2776 1922
310 606
4612 3319
4797 1836
4910 1809
2911 3028
3833 601
1255 3897
4326 4127
1567 2418
1291 1401
3117 1559
2307 4711
3552 1494
2401 309
2104 3240
3853 4592
450 955
2275 3907
1782 1700
3409 1771
3383 2164
3801 4253
3926 4270
488 907
2047 2813
4660 3138
3664 4196
1986 1457
4879 821
2648 3506
2204 1191
2636 1542
4933 1560
101 1372
4192 1342
4193 4118
2285 1636
3683 4780
4166 1535
3734 1361
829 1066
2343 4547
1921 629
1740 1840
4343 372
3183 983
119 52
2859 693
2700 4989
1995 4541
2181 198
620 4048
934 3570
1572 1967
4413 3375
120 3476
2059 325
3950 3640
4578 2629
2329 2927
3344 186
3605 4864
3922 2600
2104 4649
1617 372
3593 1467
2409 4757
3080 2959
3118 1753
4057 1321
3216 372
3271 1387
891 2623
3757 5005
3398 904
2354 3060
3546 2261
2395 296
1819 4584
4106 1336
4731 2124
2416 2916
2344 4363
1661 4174
3726 3770
542 4408
4026 616
1094 4926
3730 4676
1311 1239
3174 4474
3024 1203
4974 1222
33 371
4592 2800
2768 3424
1648 3052
4118 4210
4607 496
407 3198
653 3407
2107 3558
1307 176
1321 1844
313 281
951 3791
2574 4048
4315 4228
4687 4481
462 4341
2750 1166
42 123
2278 1120
2587 1492
1090 4394
354 2497
3410 532
617 1714
655 322
3212 4229
1490 4905
3555 1623
4090 3679
1051 3902
2754 4362
2378 2958
2064 632
3937 3699
3541 4573
251 4751
396 201
1869 2993
3510 1659
1577 1631
2108 4393
4030 4887
3429 497
4369 656
2757 3081
2374 3462
3095 1530
2413 1406
2136 2815
3155 3813
4803 4669
4762 3179
2134 1909
3729 1217
1254 1603
1817 3138
2576 4158
2558 2253
169 2934
4722 797
616 4976
326 4581
1176 4670
2423 459
2353 2322
2142 1740
4362 3674
1624 3652
1208 1901
1290 1318
3705 1505
545 2083
3875 1509
2920 34
3789 2331
3493 3882
3127 435
2675 139
1367 2644
888 292
14 249
1404 4066
2105 4156
272 3125
2802 2251
2900 4836
3489 264
2310 1930
3481 3246
3900 3051
4217 981
1604 2551
2356 4095
1014 2280
4621 4024
592 3053
1411 3076
4457 4349
2670 341
832 4750
2183 354
4366 4931
2096 3016
859 2769
865 386
1385 4470
3063 2696
4727 2274
1056 1046
1301 3365
3029 945
2768 1607
2918 1474
2715 2270
3644 2879
2315 518
2275 4218
4014 1856
4475 1913
2522 3823
3928 1510
2396 989
2578 3270
87 3410
1268 1322
3324 4660
2033 2904
3292 4963
2545 4110
1027 4113
4698 987
198 2674
2024 2189
3995 3756
4396 2542
4275 4255
2684 386
1487 398
3851 4734
261 1002
734 1004
314 3944
1513 1065
2023 4133
3573 4882
1795 3739
1116 1273
2629 2352
228 1351
4936 4497
4102 281
577 1143
3139 3770
3784 3842
2340 217
1117 3532
1947 1437
2934 1149
4654 4970
409 2711
4937 2483
3934 525
1170 629
596 4486
2215 834
1269 917
70 3383
3952 1731
724 421
4768 4080
105 3101
3767 4713
4949 4681
1662 4075
1721 4408
4652 760
2129 785
2532 1985
2490 292
3986 3325
4933 164
3642 3608
1334 363
173 2692
3860 1627
3222 1850
2987 2838
3268 1223
4066 4770
9 2116
1428 1608
1983 1872
3656 2566
1991 4427
1997 267
1077 3440
533 254
552 1730
2590 3671
2619 4001
2447 3010
3270 3611
767 4167
3395 4514
2455 3721
1991 4108
3542 3690
4177 695
3226 3982
2861 4782
910 414
3133 411
4625 3292
343 4095
3779 4531
1215 1360
2605 4464
1394 1861
3889 3851
4664 1652
827 621
694 2561
4973 157
4807 4907
1559 45
4980 2065
3391 2636
2518 1068
1168 217
2009 269
1378 4403
3408 276
171 4765
2169 3942
2091 2950
3654 2303
601 194
1061 782
929 1241
3325 4142
559 1061
2064 1488
2537 1262
4626 2818
3989 2786
4776 3149
1713 1824
2799 2315
1714 695
2552 1021
3560 1906
1691 3599
2892 152
3375 487
1006 644
4295 4704
1912 2043
3972 2949
683 452
4937 1614
4720 4645
3550 1850
856 4233
2707 3891
2620 3715
4859 889
741 854
3593 2885
391 2512
4454 4985
3230 3069
2565 2570
1994 4157
2160 1165
1801 4194
2504 2580
2609 2046
3045 3896
1412 1884
3974 1111
4449 1962
2414 1981
1370 4794
3419 4039
3869 2277
498 5001
361 4881
3626 3161
3418 1085
2811 4271
4187 4732
117 224
4839 1027
2702 2850
1277 2262
4098 4536
2632 2856
1124 1661
2947 2511
2758 4928
3758 4621
1505 209
1734 920
23 4305
4860 2568
1983 1003
1749 3303
3579 1117
4720 955
1297 298
4548 2482
2502 2960
2768 1283
4782 147
2263 2118
2080 378
3025 1797
4597 3677
3335 686
1850 1404
2999 2401
3558 3625
1472 1808
3921 1142
3500 1005
1457 344
4878 3122
4851 2817
1213 4664
4784 219
2709 4721
3425 1841
4872 3581
660 2757
1296 802
3436 4089
2445 1636
1294 3652
2273 2815
559 483
4017 3365
3333 491
20 4976
1923 2967
3567 4769
3998 834
3783 4330
4036 4621
4999 4009
2659 92
1580 1267
4853 2706
1210 2194
965 98
1522 2697
2713 440
3925 2608
501 1658
4641 3207
2612 1602
2959 3085
1945 2919
3911 2052
1462 126
3813 1462
1116 4405
3590 36
1357 184
1648 2461
2153 2217
3668 3614
1631 1242
4732 4555
787 1709
4126 2647
5009 3114
4175 25
636 826
1260 1034
2445 4152
2067 4599
4913 2382
3674 264
333 1854
4069 1607
4291 2639
2852 1490
4638 2812
3079 1520
926 2490
458 1574
2006 4726
3460 1115
1011 1014
3261 962
4085 796
3845 854
895 40
3495 430
1120 1436
3473 1697
1093 232
2596 269
2619 2626
3224 2959
619 3806
799 1346
3092 4892
4223 4511
2736 991
1332 4984
4076 2288
2139 1595
4735 426
1225 1385
2415 1148
1141 2306
1494 356
1196 3183
2448 652
4632 2112
2942 1522
341 1525
1564 2732
970 2606
816 787
647 1435
3598 3603
4192 599
4203 3214
1756 4315
3556 690
2135 38
582 2648
3957 4202
4918 2491
1946 2906
4889 1264
2657 1619
1088 2117
4309 3530
852 1183
3933 4858
1679 563
2545 3817
4591 3734
1886 573
577 2687
1713 3607
4135 1229
1455 1505
1986 2288
90 4154
3601 4472
1923 2161
2680 4874
579 127
2452 356
1 3543
2207 4100
3108 2317
418 2067
1899 1293
1416 2190
1304 525
4941 1195
4412 2714
2568 633
976 4728
1036 4045
1308 1237
393 1739
2689 79
3950 3647
265 2014
3399 2770
206 1125
4243 1259
2273 1013
3890 3764
2145 4918
2882 2084
1624 2419
3676 2460
4519 215
1692 4086
4125 2134
4856 3590
3769 1686
3015 1920
286 2
4944 2491
1599 1330
1984 4214
585 4526
4178 4761
4288 2924
724 825
2477 2219
123 2988
3579 3184
217 1577
3072 2937
1433 1614
2625 2612
282 4601
4728 1536
3726 4505
4771 1977
3900 732
945 3661
502 2797
3962 952
4286 68
259 4059
271 808
2112 3761
4289 1592
493 3774
3506 4500
2452 708
4003 1742
4143 4088
2664 265
2003 2416
4101 1431
2713 3210
4999 279
3926 1138
1346 4100
3501 2745
1642 1114
3000 3570
4448 2446
3191 2661
2376 1494
1491 4107
2898 830
3558 742
378 917
4476 723
569 4757
4584 2201
3161 801
4492 2986
3097 134
1291 1036
3956 4800
219 1787
1581 3276
1751 247
2736 2707
4382 1971
2468 4282
1806 3551
4436 2069
2168 3967
2445 2665
2239 3239
1190 1268
1628 4999
587 130
1800 4727
3919 1105
3921 1977
1212 1540
4307 482
2272 3319
767 2954
4204 920
2987 993
4771 3516
1251 4401
2700 505
2090 1673
3650 2495
4290 4854
1376 1728
50 2066
2065 3650
4405 1013
1002 1836
69 2120
4346 3828
2441 1679
2254 1763
4559 2459
2044 2647
3100 855
861 1066
790 4191
377 3282
1179 4731
554 4205
4619 1037
111 4901
3221 2415
4330 3361
2632 2771
1591 4019
1867 4496
4002 3393
4687 986
1781 1558
1114 4697
3146 4280
4749 2103
1467 3475
3032 2759
2969 4794
4145 3542
3149 2524
240 3464
1950 2588
3506 1185
1451 1681
2601 1946
4453 424
422 2736
966 2606
3054 2912
439 3844
3309 1128
4881 543
3065 146
1411 425
4900 3462
2922 1714
2833 4609
4916 89
1214 1836
3873 4722
335 4418
158 429
2612 4831
522 1544
2317 3639
3968 1471
1505 4897
2049 1598
1635 4230
1655 3362
3850 3148
3595 656
4122 4462
913 2315
3265 2999
3166 462
4086 4798
1107 3437
635 1181
660 2104
1658 4852
4618 470
2782 2722
4181 1852
4728 2928
167 3674
1244 4762
1876 2648
3761 201
24 266
1274 3166
87 3241
4491 3456
668 1541
1662 3058
2346 2704
1784 4265
4002 662
373 988
1782 701
4376 4503
872 3198
1764 1925
4233 3618
1621 3730
359 2696
3724 4362
1677 781
140 4587
2446 2937
486 3804
1188 3036
3147 4299
3544 3978
2732 4441
2383 2403
225 2376
3418 1572
2591 4515
1032 2375
1958 3584
4848 1126
446 2300
1087 3860
2567 3638
3442 689
2133 2891
411 2489
1852 4969
3932 3084
1241 873
1498 1346
4907 2057
4013 3342
4164 2564
3752 1144
4644 2978
3319 3745
691 4376
234 4691
3571 4353
4552 2543
4917 4652
2008 190
1171 4655
3363 725
1196 447
2620 457
1144 2860
455 3181
4633 492
862 3311
1659 1798
4119 4825
3991 76
3664 2134
581 1616
2778 594
687 3548
559 537
2670 2403
292 918
3074 3206
1667 58
3827 4853
4904 3737
2700 1055
2059 2934
139 4231
3981 2130
3192 4965
3795 839
3133 2487
2175 3037
1454 2015
3589 3223
2716 1198
1083 3337
774 1644
3059 4860
2988 4193
2838 3838
4595 31
3123 4282
2492 142
2608 2211
897 2097
1902 1449
13 431
4304 4268
2224 3159
1478 2987
4726 941
4193 2342
3460 2597
3642 3788
3024 1829
3710 198
3605 3811
1880 10
1795 509
772 3281
1866 2478
4100 375
1164 1987
85 4360
1831 4971
420 897
3734 4166
548 4919
2730 2644
2346 2478
4911 3911
2610 1661
2731 859
4651 4000
4088 2466
479 494
1030 1486
3945 1487
1350 1184
580 2153
698 2318
2668 2683
1782 1275
408 869
2695 3160
3287 890
2577 919
4795 4943
3541 2171
4612 740
1524 2525
3472 2490
1252 3331
2543 227
3680 882
750 2325
4970 3572
3875 4765
2073 669
4270 3113
3684 3476
386 3127
2009 3158
2645 3859
350 296
818 841
3370 1341
4849 2280
2428 165
3877 60
3367 2829
4908 83
2747 1863
2253 190
262 2769
2353 76
2045 4921
3737 2400
3970 4265
4690 134
1473 4853
2443 230
2184 2331
895 2523
3382 1209
2259 1481
4895 4876
296 4144
3447 2856
2100 1739
71 3247
2872 2376
2193 488
877 3737
1675 3598
966 2612
4090 4756
3489 2725
1298 1139
1737 4353
2679 2247
1198 1048
2058 125
278 3373
587 1012
4337 2052
315 3857
1099 785
3182 1568
1378 4390
896 4366
1375 697
923 3240
3112 12
1553 214
69 4
474 3858
4125 1110
4395 3311
1191 3372
3946 3777
2835 4298
1036 272
2948 4952
3968 2441
3724 3089
3537 915
1371 2828
4226 2872
4404 1528
1181 253
39 1601
4381 2751
4572 4565
2065 3381
4596 4765
1262 2905
1628 1115
644 1151
1865 593
2319 1772
4354 4761
2598 1509
431 3417
4940 3295
1107 3923
2444 4630
1204 407
1872 2212
4525 1935
4561 965
1819 2614
13 427
4608 1653
3222 3948
1507 675
3935 1601
2157 3125
4068 3160
4997 365
4328 2432
354 3794
4952 4023
4076 1234
1488 1703
1221 273
1640 4645
4892 4564
4707 823
4052 2592
2213 397
4413 2264
1126 1926
1740 400
20 1806
286 2257
1092 444
4167 1582
2231 4920
382 4034
4759 1352
2511 76
1867 1804
4692 1884
3298 1522
2475 3984
2625 795
1467 4110
4647 4788
1541 4002
4680 2337
4698 3765
3765 4391
47 631
843 1228
4445 443
1608 1434
2923 2910
1791 3281
3636 2218
3048 2919
2579 659
1536 4593
4823 3801
870 4768
3054 3829
103 172
3001 3049
622 2070
4075 457
2439 3112
3342 2211
3540 338
2591 1555
1402 1512
2214 3787
1411 704
4578 3210
728 1121
806 83
3735 1198
2821 3620
4598 561
755 1124
3353 133
3389 321
2589 438
4538 1426
26 4275
1460 4441
2666 3659
1512 3649
1116 3397
3052 4163
3661 3079
1525 2912
2773 1274
2337 583
3853 4048
1026 2985
1566 1815
4007 3416
2134 1839
2940 1670
3995 3801
3861 2448
44 3491
4209 4586
3294 4387
5003 865
317 4288
4700 4085
571 3067
2791 4845
1148 3086
2020 3780
1535 3340
1712 3022
1653 452
1409 3676
3020 3390
2832 4978
2001 4172
514 2325
4737 391
3637 14
4133 2011
2402 1278
4873 118
1435 2217
1805 520
4546 3857
3815 3384
3940 3303
3768 869
1237 1455
936 2199
4443 1986
1101 4438
4051 2399
191 2579
947 3042
573 4648
2889 2766
2312 2299
1356 1449
1273 674
16 191
1431 1762
4579 3925
415 4308
2534 4789
4949 4744
965 1496
1726 3777
2252 491
4187 1283
3385 2025
2625 3933
4099 4328
3382 2702
774 199
1309 820
593 961
4958 3129
1523 2104
2411 896
701 4577
2489 1496
4809 1702
119 3673
3282 2133
2826 2620
667 2069
2096 593
4227 4262
3361 3932
4515 426
2821 3995
3147 839
2410 4072
3324 4002
764 4577
3114 4257
1619 3356
3641 2797
3775 3616
1884 3053
4816 3351
2766 782
1027 2317
4482 4240
2275 412
2112 4752
4296 1084
3030 2475
4363 151
3680 4535
1327 3583
3800 3779
2089 388
373 786
812 4641
3964 3323
4340 904
843 3677
3546 1099
3059 2084
858 3390
4414 1889
1224 3767
3456 4696
4768 3954
2456 1628
999 1434
158 2948
2420 3856
4494 1321
1434 2603
2846 3118
534 4363
830 2830
343 2821
601 3665
514 1919
4588 4119
3083 4307
2525 4214
545 2759
4338 1186
3779 3690
4878 1669
4187 2942
1582 3522
3736 2620
2179 2147
424 2469
3795 2900
513 2300
4965 3082
2860 3973
3824 1032
3989 2986
4785 2565
2053 4145
2401 1089
1154 1145
4820 716
3608 4421
3429 3092
4311 4182
296 1554
3553 671
1161 4649
1131 3071
1312 4759
2030 4542
2646 758
4208 2538
3327 1067
3864 5003
4488 4941
3057 172
3175 1371
1809 3816
1595 2308
2179 4690
1771 4526
64 2333
1307 415
1271 3514
4290 3881
1944 2031
868 2502
3388 89
4593 3034
4986 4267
1327 4281
2756 2509
1831 3439
1395 996
3220 550
1608 4038
1304 5007
2297 1915
1071 56
2093 3239
4072 1599
3079 1449
2693 3922
3622 3379
1112 1618
1889 162
2658 930
1092 1441
3461 1859
263 4775
2168 3731
3445 1525
2500 1219
1772 3232
3823 4550
4524 1439
1200 1265
2086 344
3330 4675
1804 372
3046 4218
3033 2046
1961 936
4060 442
1378 4673
3839 919
2916 2947
4759 3836
1027 1211
1666 3564
60 1009
2005 4991
4556 3175
323 3206
1927 2824
2331 4745
3401 1683
4934 1397
3923 1111
1554 4150
1411 841
1739 2733
1065 998
1792 3883
492 3160
3588 3456
4503 3140
3110 4037
2767 2444
2205 2574
3353 847
2095 896
425 3713
573 2565
1097 4390
3768 3763
4595 1564
2142 3293
4319 4461
2966 1560
2904 2793
174 2939
336 355
4060 4935
1600 3970
3672 2531
368 2224
890 1057
3570 3460
1944 2396
1803 4312
2335 3059
3579 2707
598 4104
42 4333
4118 2032
1849 2890
1722 2106
3771 1353
1669 2432
107 1899
3566 2408
4634 2528
4297 3731
4656 3313
1580 3504
492 1103
136 30
4858 1366
278 428
4627 4889
4504 4741
1639 555
869 2324
1513 3262
2991 177
3087 4289
174 2202
3903 791
307 3887
4492 4140
4161 4112
1329 3377
3021 4841
1080 3833
3117 3386
947 3872
3191 750
1321 2202
1932 1470
4763 3430
4841 4268
4738 1312
125 4882
1665 4910
4927 4155
1802 4292
2265 4530
1992 1297
4708 2710
3301 4903
2220 3749
2528 1115
3994 2272
1122 1302
369 867
2121 2620
1544 1429
4330 4142
2968 1799
1560 4258
3845 838
511 2290
1906 231
2969 4852
3285 170
3244 4525
902 2052
3234 3859
493 1700
44 1040
2324 4327
1562 887
2237 4259
2360 4734
4905 5
287 838
2643 4238
717 2464
1594 4701
4647 2828
4793 3853
1017 2053
1880 510
4790 3768
1064 1231
3775 778
3212 2228
2630 1296
3951 1263
443 2502
3704 1799
4756 1315
2039 277
480 4712
1409 2582
1170 2913
4091 4813
667 189
1157 4666
4216 4451
2966 3276
486 4267
3196 4319
3281 3901
4431 4475
451 4795
2765 2835
2865 898
754 3342
1682 29
3540 2307
1614 1250
2730 2372
3227 3704
1899 4888
937 2986
4034 4616
310 327
1412 1021
2134 778
3458 4861
3956 2901
1753 3155
3377 3994
2283 1612
2785 1648
709 2101
3715 2774
4662 3060
1347 4829
992 785
4250 4879
4304 3101
105 3656
2584 1518
4412 713
2410 2540
1480 1912
2691 3424
4253 4841
2118 3538
1633 563
2013 3199
1965 399
2751 1711
4229 660
1197 506
2747 303
4364 4519
911 2149
1245 1762
1015 2645
1070 3869
4611 2574
2941 2263
1527 4213
2830 1901
3957 4028
623 1117
1414 1363
3252 2960
1816 3831
4858 501
3874 3001
53 3607
3671 483
3088 4596
4003 4775
814 3188
195 1401
4571 4058
1806 1359
4470 102
1257 1256
2363 1581
2897 433
2185 3941
4234 4171
3748 4722
3898 4521
1166 2561
1706 207
2601 2699
2901 2407
2352 4959
3499 3269
296 525
602 4883
1934 2766
2423 4916
3227 2409
3382 4776
2649 1573
1833 2555
4814 2872
1620 349
1239 4200
924 2363
918 1259
2526 2026
199 2147
4075 1421
4099 1537
4073 2526
2992 115
3472 1556
801 1566
1766 2366
1589 3008
4335 2421
2130 2535
4296 1624
3682 3521
2409 1303
2548 3902
2352 3945
1000 183
3131 2583
50 2531
59 1559
4278 3568
2911 4252
3402 2329
1402 2223
1627 1894
1160 42
342 2509
2966 4801
2032 3792
3020 663
1832 2525
2187 2282
195 1081
1528 2796
2540 4171
2432 2970
1355 2013
3548 3187
1303 3182
3038 3198
4269 1345
656 1606
317 1736
3035 1384
148 4051
2826 326
570 796
2952 4143
4880 253
3225 53
241 113
4000 4011
2658 2742
3848 4237
112 498
1834 1582
4825 3287
3596 273
2616 4902
2404 2860
4814 2151
3739 1625
1228 4788
1632 126
1808 684
32 414
1159 1968
2724 3774
4199 2406
4360 3408
124 4155
2172 309
1168 252
4311 1262
1313 1901
1467 3033
3890 4847
3121 2184
1973 3950
118 2754
1302 4127
2614 541
1686 163
3282 482
4465 578
4474 3394
966 1027
545 751
1855 2811
3529 2742
2024 3286
1284 2401
4161 941
133 3814
260 3022
4037 4406
4218 3026
3387 4192
1586 2674
3636 538
1654 4334
2032 1643
3902 1400
2 4397
4239 2162
3706 4921
968 801
468 4427
3144 2605
3982 2285
2493 142
2962 3094
2217 1957
2027 2614
1451 856
2935 4829
2016 3229
1840 3515
2624 1238
2971 296
1440 3462
3833 959
4279 2699
2785 4960
4351 4939
130 4419
1118 1383
2112 3927
2089 4761
1 2272
4680 1307
2368 3439
1519 1179
365 973
2956 1735
225 2778
1758 4699
4018 2055
910 4807
464 1121
2548 684
1939 4611
3872 1724
1891 3020
4952 13
256 3057
4437 437
1083 2628
1805 512
2050 3574
3601 3866
489 373
1428 3675
1922 3106
2004 4025
3250 4757
4970 3083
332 4266
2724 1751
772 4669
2725 1573
4664 487
2904 3875
4355 719
2972 4625
4693 8
3520 179
5005 620
4708 2578
3632 280
1478 1667
2850 4261
3110 4833
1358 4571
3628 78
83 2282
1015 4403
1143 4474
1890 4352
4539 4014
3911 4043
2155 759
4643 2597
3023 3443
3751 3740
872 841
1835 3728
2627 576
1044 3784
2281 3296
4040 3228
1412 1373
1716 542
2513 1443
1680 792
973 818
634 1713
1891 1830
4557 2740
752 4061
2294 2921
3726 2766
262 4658
4826 758
4008 758
2809 2511
1201 1170
672 3227
4094 431
366 1348
4126 2245
73 4180
3880 3639
2365 3207
1557 2468
1950 95
3435 4350
3513 520
2332 2285
4572 1668
79 2770
4811 3664
3106 4510
4460 2367
3702 2000
1994 3300
4461 1700
771 1072
521 1823
4083 445
947 4392
1951 417
486 1007
339 4401
1191 1487
1807 790
3541 3328
4316 2890
4243 3174
3678 3305
4771 2443
3144 4929
3723 488
3142 54
3643 443
1469 797
1023 801
1331 911
2411 307
960 2039
3383 3766
1271 3630
4819 3963
3598 1230
2069 1947
1696 1016
3304 2037
1492 2277
4344 4326
3815 4867
1857 640
2342 1237
4382 1574
1762 4470
4375 2540
994 2332
4199 2200
2907 3589
3122 440
2365 1160
4362 3932
3591 3124
372 1159
4182 2026
2760 483
4196 439
4164 2507
3833 4415
4714 2633
664 3343
2613 542
2589 738
4765 3752
1434 236
3498 1195
2486 4535
3976 4255
860 4675
2408 941
1173 170
2483 2354
4550 4166
1927 2130
1438 920
2835 1986
3838 4056
2716 4175
4073 2479
4978 4162
834 4303
147 3370
1322 3041
4606 4282
2619 2393
1475 1355
4618 2511
313 884
4993 934
3740 2761
2310 3941
3427 2055
2722 235
4596 2117
3961 4345
3661 375
881 3039
3983 4774
2567 792
3709 2818
4158 4454
4367 3084
2173 3262
619 823
737 1793
5007 3759
3840 838
2178 285
1743 2491
1523 4752
1099 613
710 1422
1474 4872
1084 1824
1801 4911
3083 3891
1752 3500
397 4247
982 2243
1169 3094
2325 319
4708 1019
4942 2499
614 4107
3328 2623
678 3017
1722 1770
2667 569
1415 2582
940 2
3601 4481
1562 1298
2968 4594
2381 516
