501 501
6 443
284 459
305 452
269 186
282 464
41 316
491 59
64 325
51 37
476 249
437 178
366 164
163 130
360 83
458 212
232 34
326 353
243 272
299 50
41 68
490 488
243 475
312 449
290 166
118 328
434 196
82 151
420 426
99 344
315 21
210 336
279 440
207 17
146 461
296 347
104 400
456 414
468 112
480 131
254 361
148 419
462 4
372 124
315 373
182 158
428 484
63 352
232 69
3 334
286 217
307 206
492 206
357 90
352 312
30 94
349 50
369 135
471 275
73 29
234 484
218 350
113 21
217 247
205 224
497 351
265 486
59 438
155 422
111 227
80 290
72 453
159 88
427 338
453 49
397 147
253 355
483 383
241 407
377 253
97 262
70 467
192 181
139 484
160 276
46 361
120 362
271 346
494 212
253 74
442 107
312 82
97 217
110 355
398 427
148 353
144 488
255 432
120 195
178 46
344 376
377 454
297 180
233 92
43 334
388 377
451 471
48 444
222 466
268 485
325 174
33 185
72 98
198 239
265 324
410 174
278 54
228 5
149 62
497 382
340 333
165 476
496 12
109 334
227 78
371 167
394 379
137 126
42 303
216 417
197 206
167 147
154 66
221 137
461 255
93 500
373 421
330 48
88 332
343 239
315 279
337 420
264 242
198 142
250 54
439 256
134 213
132 456
77 417
233 303
68 404
392 415
406 129
234 198
168 132
378 355
465 171
253 41
308 146
179 16
387 27
447 210
146 331
31 486
86 244
322 233
159 427
168 319
272 327
273 8
419 200
190 122
251 150
209 48
438 159
225 55
351 379
91 474
354 338
237 148
278 244
50 444
167 375
495 199
361 440
129 475
388 51
378 264
401 448
196 39
399 111
332 263
2 189
231 204
1 389
191 176
149 310
302 69
119 338
371 170
302 335
420 416
150 269
372 143
167 204
462 434
26 306
409 181
212 50
123 158
430 263
62 44
252 288
490 457
12 290
441 500
264 311
202 294
380 336
421 332
54 182
60 96
16 372
26 485
199 157
177 195
490 40
153 199
221 368
41 209
172 447
460 249
163 312
495 174
260 273
330 346
61 245
317 75
407 155
254 419
54 349
290 104
416 278
400 414
388 151
464 375
470 62
40 238
71 17
154 432
307 254
495 180
371 29
38 467
242 462
259 487
322 492
478 449
165 429
103 91
311 168
28 386
247 149
495 251
290 116
498 100
330 298
346 426
451 270
124 161
262 290
150 496
122 177
390 110
348 396
478 378
25 126
380 259
358 258
409 461
291 289
254 377
471 391
208 282
337 61
129 161
460 244
129 58
38 112
462 121
64 263
376 378
140 15
340 428
349 104
266 277
326 448
493 472
413 316
235 358
377 467
131 1
297 151
135 482
27 403
94 100
77 457
87 409
12 478
161 142
418 239
103 139
143 250
51 381
299 184
100 129
152 262
260 186
268 412
260 472
19 231
148 246
458 186
137 330
79 33
102 227
62 379
79 85
217 237
342 370
141 410
406 431
135 170
467 476
36 354
393 165
65 214
51 306
78 177
162 254
15 327
373 478
76 73
11 66
298 35
49 157
176 253
229 217
3 329
100 426
127 360
456 143
230 65
414 182
259 61
446 365
487 123
338 282
285 38
228 309
153 406
363 434
366 426
173 246
84 475
446 394
46 41
58 446
354 106
165 291
215 65
69 230
375 151
378 330
59 250
96 468
441 363
342 290
182 35
133 367
137 165
1 337
339 388
103 173
110 219
385 163
144 176
188 457
113 440
249 81
180 169
268 441
131 261
303 492
199 149
243 221
254 171
273 38
447 373
500 146
367 106
298 87
136 468
163 284
107 199
35 431
29 5
365 8
274 336
228 384
467 97
124 178
68 298
464 203
363 423
166 462
280 474
251 220
92 1
75 225
374 290
229 434
142 443
163 176
212 126
214 202
165 242
6 127
2 366
44 17
348 213
368 334
410 320
439 351
177 449
111 316
9 203
380 110
212 329
406 491
230 388
337 98
363 23
488 393
392 52
81 36
222 125
481 469
160 179
47 137
88 293
493 163
84 390
406 294
411 115
422 383
96 157
192 329
222 100
372 287
201 382
90 115
101 380
160 408
482 444
24 241
138 16
141 317
121 266
431 100
314 117
482 301
61 438
262 217
407 456
34 459
147 159
358 386
155 359
104 124
438 383
39 21
80 148
106 448
318 471
374 22
466 253
461 83
269 300
35 201
173 459
205 346
69 452
304 440
340 111
52 488
302 464
386 268
353 391
451 230
163 9
63 295
