5010 5010
2144 12
4989 4180
2963 3563
3975 3491
1422 3693
48 2432
3867 3513
3968 1385
2546 4272
576 2129
4925 4702
233 2941
952 2914
3103 3453
4123 2868
917 1784
3123 2022
807 2956
4736 707
1879 808
3741 2884
4346 1619
585 3963
2032 4569
3654 485
3462 1371
568 824
3593 2130
2015 1869
2234 2650
1395 2132
1466 2938
526 1043
796 4896
1284 3763
377 469
3975 4770
586 1064
3321 3703
2792 1111
4750 5009
4124 1838
2591 1984
1216 439
1570 1145
810 2563
4660 4962
4083 4634
4198 567
1339 782
3098 203
2324 1520
2361 4160
2449 766
684 1317
2406 2838
1070 2711
814 940
3808 1808
4325 679
1767 647
2144 4177
4960 2284
3794 278
3567 1997
2601 409
821 1071
44 2386
323 684
3358 55
2507 2848
2778 938
4111 629
2109 4361
884 2783
3525 4110
3234 4783
3018 4651
1312 1153
1187 4345
3875 1467
4642 900
3091 2122
2417 1662
4936 662
4309 3015
4824 899
4220 3111
1910 2295
2625 1680
1706 4832
987 3930
1780 1181
2662 2737
4391 2514
2121 988
3715 2727
3024 2549
2448 701
349 1812
1622 4581
4663 1215
4672 1512
1775 1517
4993 2426
401 2821
3908 3173
3678 2327
2071 3300
3681 1981
4975 693
3619 1568
4174 1912
1442 222
4779 3914
1384 3258
3913 4655
3474 4718
3455 3271
1170 4302
879 1845
2330 29
1636 32
4198 3485
843 1069
4492 1586
562 1603
637 4385
4814 1395
2363 2294
2103 4142
4148 3975
840 5006
4752 1864
2409 2198
269 4960
2958 3912
4711 924
692 1980
377 4064
4184 228
2689 2344
4273 62
1957 717
2595 1394
1199 1892
1683 3886
2488 4340
4514 4642
3919 935
4316 3626
1123 4846
82 851
2119 2356
1203 295
3524 1863
1470 2103
2106 3053
4440 3836
1680 4821
238 4284
1838 4682
1066 4690
3760 4109
3559 1859
3967 3001
4428 1794
4753 160
4673 2321
3579 2332
802 1550
4199 4080
3395 4153
3046 3061
82 4472
1769 2487
4316 3895
3327 2822
2915 412
392 3298
2819 2415
2260 2642
1895 4787
2783 20
613 2846
957 973
22 2552
3649 1654
4346 4589
1217 3014
3204 685
4924 3440
2475 1227
4499 1053
691 4804
2449 1620
490 973
4499 3682
1540 3209
1201 3291
1658 4412
3236 3034
985 1635
2453 405
392 4547
3309 2782
546 384
4015 4865
1 3448
360 3448
1184 2225
2402 1798
3194 581
4774 4336
2555 3320
319 2322
4939 3689
2775 5001
705 617
4159 4928
4627 2601
3092 234
2332 2732
2237 1456
4943 1376
3848 3801
521 40
3523 3138
1411 914
2039 302
1526 2517
2898 987
2318 4555
2126 2130
2637 3769
3005 3710
1725 4942
98 4288
2051 1132
653 2201
1214 4033
4960 1132
1000 2691
3700 2834
4472 3642
4039 222
830 4800
4759 1612
948 568
555 1739
565 2368
4321 982
741 3757
1277 3315
3584 3795
2863 1389
1466 950
227 4266
1907 1545
1602 2495
4187 4808
1489 4805
3438 732
4058 4888
477 1429
4742 3689
248 2580
926 3379
1739 3904
138 3524
13 1865
4965 3879
5005 1509
4695 3578
81 3750
2022 2542
432 1477
3103 4434
3488 698
702 3120
1197 3403
2920 4871
4112 2025
4129 3328
1498 1206
2818 483
3750 4481
496 3483
1780 4856
2574 2476
267 1644
2252 949
454 1606
3188 1669
839 2616
1083 2484
906 348
1768 3293
4263 1860
407 2409
4685 2257
567 2298
1650 2741
2885 3323
3824 334
2570 430
2011 4229
1151 4887
856 2264
4520 592
979 3536
2807 4381
2670 3966
102 3116
3129 674
1474 4897
3024 3895
3563 3162
4228 4903
4742 4842
2011 1192
2137 3513
2861 1017
1469 1902
804 822
1045 4170
2392 45
4144 2707
3363 3512
2707 3678
3758 2736
4754 2871
4861 869
4433 233
1046 1660
427 1184
2439 3158
4859 767
4102 4690
240 4176
3244 2224
506 122
2374 1557
1206 2498
1042 2562
1086 1873
2644 1629
4630 4645
995 892
2883 2735
1808 2557
4849 1149
993 1295
3294 1019
3731 2979
2517 1038
3665 2873
3640 58
331 4616
3255 3994
3931 4027
3295 2571
3242 1214
2608 4125
2478 2346
2938 3744
3231 1444
451 2849
3320 379
57 1954
3552 4366
4407 3857
4606 3558
3160 3050
829 3608
2320 4509
113 4620
1200 766
262 40
2281 1413
3338 2519
3377 158
958 3421
1779 1382
4422 3236
2259 1407
593 782
3650 1397
4713 2127
1654 4347
4651 2791
3057 4329
2820 2241
3783 1374
433 2417
1882 1856
5 3472
56 1461
393 3671
3961 3956
4893 4624
3940 1671
3089 3009
4636 988
2443 3048
1900 1688
1781 231
4402 725
2394 2768
291 3950
4286 147
2701 1877
1127 2854
4933 468
3522 1313
3806 1630
2444 3281
296 3331
1637 157
1834 2341
480 2679
3664 4381
2573 1113
66 3075
3019 4508
3701 3344
1217 205
3536 2738
3136 467
1093 3433
4354 2519
4202 235
14 353
4076 2294
3139 258
4643 869
960 3707
2889 147
646 1199
3044 4567
2231 3768
32 1909
922 4818
103 2646
3735 3575
2839 1841
3541 474
584 4933
2581 2297
1381 476
3653 3408
740 2262
4381 2127
1280 2896
461 3824
2962 926
3766 4790
2824 1241
3267 1484
2191 154
686 4219
1379 2421
2811 898
2181 1066
3065 3871
2657 1547
944 1279
898 2860
4117 3290
4279 756
2904 215
2841 4047
1121 3882
3989 3244
1587 2857
1431 3532
1714 92
141 741
1442 4695
4021 2891
4143 137
4433 4266
2985 310
4600 116
3896 888
4454 4930
2824 92
2326 922
2114 1653
4270 1435
713 70
2488 3528
134 1898
4438 4387
1202 1224
4388 1208
2818 1898
1761 2688
1490 4899
2127 1721
3435 3025
4990 837
1670 663
3467 1190
2908 1678
4221 3539
772 2142
4418 4778
398 2321
364 3061
1777 2784
1424 3034
1360 3651
2073 3333
4548 4155
1649 4315
2826 4320
1162 85
1038 2441
3202 2831
4571 1857
2399 3029
4406 3839
941 4461
3540 714
545 716
1778 472
2217 1876
4085 2094
2610 3891
237 736
2543 3718
2307 2405
4392 3124
3754 850
3175 4045
1935 3914
1544 475
1203 527
570 3490
2661 4746
3805 3415
3192 2095
707 1566
4982 2716
2317 1789
3395 1040
2913 3275
4159 4153
4021 191
4622 39
2063 555
1442 1666
2516 227
3420 2003
1221 2721
2428 1491
3696 3759
1807 3808
3984 2880
4282 2575
2430 1102
319 4904
805 2641
2277 4036
1449 1305
1865 2267
2523 4664
4306 1845
4943 2811
2901 924
1839 4039
4585 921
376 4538
581 1456
2831 3265
2403 2195
43 4266
1286 1551
3938 3264
2169 2586
1974 2568
1682 805
2261 2551
3317 2353
1805 3484
1815 3814
3003 2275
2492 1870
2834 2552
2165 3109
2485 3539
3211 4616
4631 327
4914 1200
3451 152
395 1069
1988 3124
513 3332
214 1957
2918 2682
88 513
4846 217
3251 733
3265 4806
3509 3750
1278 4658
3792 3859
1145 3928
3267 2148
1397 3949
3428 1704
206 4573
3557 453
2257 4899
111 3169
3615 2962
1011 2808
4145 4014
3163 2889
1597 3599
1889 3554
4654 3181
1476 4592
1040 4955
1385 4709
3052 1988
1871 625
1433 3420
2669 4571
3802 4091
481 748
1165 4989
2870 2702
717 3214
351 651
3835 4133
3592 2455
1553 2288
2770 4967
968 1832
2827 1805
3750 3945
1939 1635
1752 2249
1797 4748
4920 4240
3117 396
3428 4766
3658 4613
3073 3573
4040 248
2776 235
1201 4968
2388 2286
2847 389
3463 3941
300 1143
213 1085
3935 1118
4630 518
561 2401
762 2962
4694 354
2484 904
1263 1281
4998 4091
2791 1825
3796 1466
1778 2983
1427 442
2147 2319
256 2710
1729 1933
3239 3887
1403 4721
1919 566
2925 2754
1975 2620
3078 1312
4819 1321
1397 1210
447 3619
819 1996
3891 1696
4294 928
2699 1958
2186 270
4306 1992
2122 1457
3165 4991
1960 1921
1577 24
1084 839
3666 1842
318 3814
2959 3615
4252 3072
4056 3458
3452 4948
1126 1350
260 4391
3629 132
3811 286
551 2828
3945 4862
1218 3526
1450 1636
1843 1274
4981 1405
1045 2949
3778 2571
4318 2095
4140 2645
4816 3384
4886 1922
1995 1088
2820 107
1859 4657
1789 2263
3327 2684
3989 265
3735 3889
4263 2394
2506 4656
4984 3073
3844 4568
3751 2210
1423 4377
3037 4988
2402 95
3702 1664
2783 1380
258 1337
1721 1518
1050 2270
281 3009
679 4684
4541 2500
1710 2168
879 230
4176 2467
4045 3083
3515 3941
310 3352
3538 303
764 2056
436 2614
4567 1061
753 3909
4898 2303
1328 2053
694 2237
3533 3935
2303 3351
2714 3683
2166 1065
4839 2337
4475 756
4196 1809
1270 2639
261 2859
3212 1924
463 4468
4037 4684
1188 4274
2067 1123
3514 3549
1870 3150
3665 1427
3616 560
1813 263
1899 448
1775 1972
3571 4556
3658 3408
3025 3252
4897 1524
519 1213
1204 2509
4053 2439
2023 967
3598 470
1361 379
3071 2446
124 2521
716 3536
1545 2396
3024 2397
946 4077
4609 3857
1285 2378
2709 3351
3939 3618
3755 819
2979 922
494 3440
186 4136
531 436
2145 3529
1038 2339
3137 1055
200 2356
3692 3001
3332 3315
3086 3944
3726 2921
4399 2636
3130 317
389 2658
1798 3677
1358 4603
1185 630
2886 5005
1093 1212
2892 641
86 905
5004 3767
732 3676
3546 2907
3466 3541
3213 3353
1038 738
4667 1905
1418 2329
3939 3661
304 4296
2191 4491
4192 3528
4341 995
3071 3295
4855 558
2035 2255
4963 1338
3450 3961
2891 3764
1666 4125
4770 4821
4529 640
765 1394
3091 4465
2111 3778
469 1932
1499 2323
2469 2324
3 4700
2819 534
1424 1797
4339 3493
4409 3213
3747 296
178 3244
1398 2655
3293 4755
1951 1619
3951 1127
2572 4479
558 307
4273 189
2785 1765
830 3874
3162 1220
2323 693
2586 3136
1913 4691
3505 928
2804 2349
823 3810
4943 1964
4008 141
878 1954
1956 3646
367 2460
4539 2608
4269 4260
288 5005
2656 671
3286 4121
2904 2226
3018 3613
1374 1984
1343 4449
4251 1270
1496 4509
4820 4648
2858 3750
2762 3387
4705 737
3629 1983
72 1707
2435 1385
4346 1199
4680 4942
2315 3509
1942 3733
4988 3382
4066 859
4993 1229
2364 4019
2648 605
1933 769
1504 4442
2406 1085
2636 473
2436 1918
2032 2405
3604 4477
2407 254
4259 535
708 4264
4438 1887
916 1368
3315 1648
706 306
368 1747
2686 2948
1575 3033
16 1291
4824 3537
4300 3733
308 1643
2778 1143
3861 3033
4766 4459
1803 2950
4038 4211
1429 3931
3973 546
16 270
2457 4571
3934 4121
3392 3531
2866 78
419 3648
3082 3201
3768 4935
1385 2737
4906 4573
1652 4073
2433 1898
1982 76
3555 554
578 3309
2018 4445
2568 2021
130 2615
4890 959
104 4673
2412 2310
1855 3794
369 4933
4624 3133
3723 1056
2628 1350
3039 2105
1779 842
1573 1070
1719 3398
1208 3225
1879 4529
1845 113
3097 962
2928 554
3655 2856
2042 3422
3236 3767
3854 2524
4574 3622
4646 2670
322 3204
170 2730
4195 3884
640 2870
3029 4936
34 4392
2362 288
4871 294
1243 2308
2243 4074
2996 400
1113 3754
953 4943
2145 3130
296 3717
1761 1091
2221 573
440 1425
1877 180
3230 3238
2155 692
1751 2701
2940 1445
2001 3966
305 1825
4828 3901
315 4328
4682 2981
753 1599
3295 4221
81 3658
3336 4281
2682 1961
4640 156
415 2344
4034 3761
846 4188
1335 3398
160 3810
2154 2299
301 2167
209 1681
970 439
1114 471
3587 3798
1890 1965
562 2094
1450 2570
1853 2000
1500 2119
2432 458
3420 2606
1039 567
1180 4748
4484 3904
1620 4008
4553 804
1370 1594
764 359
4564 955
4255 3108
1424 214
3167 2059
2631 199
1855 3216
2759 4271
1714 2127
4204 3617
4570 641
1273 1005
2396 1126
3339 1593
1684 3144
546 2580
1376 472
2583 1048
1407 2281
1451 4302
4125 377
2593 3091
1865 1574
1636 2495
1291 4674
7 5007
3313 3614
3601 1355
3433 684
418 3770
2847 678
4378 4216
4182 4573
4721 875
1715 1981
2753 3908
2110 490
1886 3164
3147 1944
1745 1985
4045 4828
2287 3306
843 260
4878 1905
14 1616
3108 1708
4832 2041
90 68
4363 313
2571 371
2948 2204
2584 730
1520 2896
1274 4446
4403 698
4950 1333
3502 3545
4103 1694
3295 2551
3052 850
343 805
2283 4122
2838 2401
1999 1949
4263 2996
4349 4581
787 3660
395 4965
4259 3321
1265 2128
512 925
1618 2100
2952 2971
4792 2682
3253 4897
1224 2984
4558 1892
363 2136
4149 780
3307 1571
2698 4808
1243 4275
268 4970
3052 52
1023 4972
4970 192
2496 4006
923 169
976 3701
1451 805
4551 3791
4088 1087
4864 2209
1921 3585
737 2367
594 366
2939 44
1876 980
4023 2758
3057 2573
148 2603
4207 1549
225 187
1877 1140
3120 973
125 3989
4784 1809
2945 4965
1442 3096
282 1443
4941 1173
2499 3658
2875 4157
663 3609
163 1106
2311 122
2307 392
1119 2506
3753 4619
2 4575
1581 2652
3527 3612
2368 976
3458 1820
3378 4708
4102 3952
520 1936
1967 4637
3474 2797
2998 2292
1745 2981
627 1494
2136 1332
3566 3671
1614 2987
4326 1045
1428 3568
3078 3967
3993 4317
2343 3806
4512 4185
365 4538
3420 88
4928 4589
2220 948
2372 4205
1077 2444
831 218
4958 2738
2252 2684
750 827
3987 3765
793 4319
2822 2297
721 1896
254 4062
3347 3985
4026 1895
3857 3482
1982 3567
1459 3781
613 1666
1560 2461
436 34
3511 246
2331 1080
2830 4791
4380 641
3890 1069
1087 2964
2510 531
3522 3344
2410 844
3038 4525
3154 2088
3664 4117
1335 1293
3421 2328
2856 4000
4049 3160
2263 3495
4973 3810
1546 3083
4255 3875
1020 754
3700 4994
2206 4797
3592 3886
4807 330
2379 1509
3328 3355
617 4512
4196 1882
823 1260
4733 414
2390 1984
746 39
4344 2838
941 1950
1133 1418
1449 4188
299 1804
674 2802
1378 4143
3452 151
2687 2679
1211 1336
3781 504
3889 512
2196 1511
831 3096
4671 1433
3874 2588
1209 3116
3279 991
4347 461
3717 6
2649 2959
4413 4176
2950 3234
3754 4500
1629 1721
3831 251
2424 3139
1340 3324
2057 2347
572 3660
166 236
1637 2781
2054 3877
1252 472
1397 2608
2018 2674
431 2281
4717 2515
3649 1395
3185 3772
3519 4834
3417 3724
2478 1265
4095 2979
237 4922
2608 3436
1272 3320
326 2495
334 4136
1280 4598
3355 65
3982 1393
3107 4326
2670 2885
2390 4
3972 2159
1942 2995
4738 4218
519 3172
759 2865
4029 3493
4966 831
1910 3997
2657 1042
2939 417
947 385
3295 3443
1547 2795
3993 1991
3583 3374
4013 224
4918 2785
4889 4140
2800 3460
2481 3284
4293 3406
4618 4742
3068 4080
3892 3561
1268 2126
3889 4058
3561 2985
4978 1877
1894 4726
1200 757
2240 4109
2786 1624
1863 387
4048 4258
3229 2962
1306 1654
3865 273
608 2814
4962 2945
3443 3449
2510 977
2720 3346
3029 1718
3215 41
4677 2018
726 426
4880 2656
3708 2614
923 2127
1025 4535
2364 6
2885 378
997 2127
474 869
4289 89
4719 869
4030 2221
2542 1449
5003 1192
435 3795
3425 2533
4361 3658
3058 4198
525 3691
3399 848
3103 2743
2310 1115
1535 1856
744 2742
1530 4811
4086 416
1194 4166
420 570
185 759
2422 3571
1988 4318
3321 2931
3119 3871
3938 3142
496 2337
896 597
3605 4180
1593 342
3190 1799
1963 4844
1262 4554
745 4738
1065 933
1493 245
1468 4852
4571 3850
2066 3271
2383 4645
2376 1939
4042 66
4678 4060
3763 4236
2501 3836
943 4165
749 2606
2872 4104
619 2072
2271 1960
3265 3598
3736 4194
4189 274
754 557
2792 1852
1191 3001
2242 420
3311 4858
738 3635
2683 4867
471 669
4867 1222
2446 4071
2330 2277
3066 3529
4128 2101
1525 3389
3263 3391
4104 2405
2559 2342
4812 2243
1512 1736
4054 144
524 2210
4767 4267
285 4903
2452 1542
1728 1670
1631 3135
4419 43
2239 4514
2926 813
4709 2309
3398 3493
3096 50
4300 422
637 1039
2072 4818
2911 5002
631 115
3010 324
1312 2904
2331 807
3388 4572
1529 1373
3509 128
4719 4035
1037 3556
3771 2054
1701 4523
598 2652
1566 3040
3639 871
35 479
2813 3139
2818 1972
1176 4468
3946 3587
2266 318
919 1420
3727 329
3683 4545
1952 2579
3235 2869
3129 4584
3235 2275
344 1317
630 486
2290 2893
991 883
3914 2079
3912 1264
2321 2019
1015 3165
4789 3116
2506 3556
1835 4851
4726 989
1896 3713
4132 1459
4640 2503
999 2190
1249 479
2858 2337
1726 687
3926 1570
1121 2697
3097 3983
4799 3897
1648 2313
2153 4668
1522 4775
1075 1295
3928 4650
4122 4809
785 4998
849 519
981 3174
184 4943
1841 3486
2287 4864
2630 2834
2304 1569
3023 2801
879 4880
48 926
409 1152
3443 2764
2414 4124
149 1398
4829 1603
4616 802
4558 3560
786 3877
2069 1359
3098 3939
3175 881
3764 4370
1446 4175
3440 2335
1598 409
333 1415
903 4919
717 2713
1459 1069
3858 1458
2167 3789
2257 3639
1002 1667
3172 3206
4226 1732
3333 4482
3355 4808
1566 4618
550 4340
1940 265
1006 1710
4019 967
1157 749
153 2266
4142 4360
286 313
3212 4396
2829 3035
3025 2112
3443 4864
1035 1919
4882 1081
4735 3435
1887 2305
3142 1607
4661 1660
1497 547
4641 4294
2880 112
2886 2980
699 1254
4956 3540
4378 4023
1607 3784
4057 918
1201 1778
359 1602
1247 4429
1316 1957
4336 1399
3870 3904
3260 1853
2608 1761
3352 4950
2711 474
2026 4799
1103 3460
3953 3436
3193 4792
2701 4507
3696 2040
840 4918
4295 317
2121 1917
4575 341
2485 2004
4073 1681
2498 2392
4473 3545
548 3970
982 4251
605 2896
4233 4646
2290 2018
1013 3670
56 1828
422 4772
1964 1840
1997 2713
79 3355
2576 2855
4632 3080
179 2461
3645 3101
4779 2933
4131 3550
1601 2525
3537 2674
65 1536
3426 3745
897 432
4122 3463
1509 2124
2220 2994
4252 87
2467 1508
1787 4933
2930 4207
3998 3485
2775 1850
3729 871
2264 4771
4539 421
2860 3864
207 4610
3729 1627
3229 1658
4285 101
948 1065
646 3205
3891 2661
2832 3070
1625 1274
3011 3491
1084 3587
4317 810
2529 374
1428 1140
3119 1385
2678 927
4206 4207
4314 1976
123 782
1496 1759
119 3335
2609 3872
4388 2095
801 807
4516 1414
143 1889
4981 4613
3937 2816
2353 3675
4815 123
3697 3593
4529 904
2297 4058
2923 917
3880 2489
1458 7
3396 4103
2699 2527
1239 2270
2084 4123
1190 530
1812 4297
363 388
2908 2321
3076 3292
3515 2090
567 2368
1122 4598
3526 279
3944 4805
1603 4815
606 3981
4036 4094
1230 2828
4824 2157
531 1220
461 3597
1024 3506
2627 3183
4093 4867
4901 4282
4761 2636
968 3197
3608 4063
1358 2583
4150 1032
4622 4728
2340 1574
3184 3979
556 2758
1070 2408
476 1980
3075 781
663 4410
79 480
1046 1274
1836 1869
2305 4838
4653 882
1061 1435
2535 336
4250 1008
4531 1598
1270 2847
3666 403
4101 1934
1688 1545
1142 66
1848 2994
4276 2959
3558 2769
309 763
2297 1517
3020 4766
1122 2808
3663 3349
523 906
4694 364
91 1483
1766 4830
3445 1303
3345 2378
4520 3899
3272 4388
4477 3561
3799 2673
1369 2023
1373 1826
1581 3981
4741 4616
105 2805
489 3340
4367 1829
3484 4573
589 1047
1597 4813
2187 1992
381 4635
3427 2054
3381 1412
1024 1547
1405 1394
1598 4647
4799 4186
3093 550
1974 3167
3875 947
1314 2468
3898 4083
3779 2879
587 369
1454 1159
3272 2168
3905 3007
4038 1630
4469 1875
1332 340
4465 3976
3947 3539
3735 847
3143 3850
3139 1237
4423 724
3380 1175
1774 3018
4956 3464
4928 3061
957 771
26 3531
3803 4832
2039 2613
750 2624
1486 3090
2467 4108
4225 545
4203 584
3717 4245
3149 4918
1719 4870
3286 1448
1887 1439
109 627
860 4556
1248 3837
3137 1246
1460 1706
1164 2857
3913 1261
902 4048
3665 4860
4391 2218
234 148
4240 2041
4443 5010
3711 4149
4614 500
1524 2774
2315 1129
3653 1152
4656 4896
1285 4729
1271 3671
3149 4
4942 1427
3746 1803
3008 849
1179 1759
3828 4158
1325 4118
1527 3967
4434 4004
4414 317
4982 1662
4260 2020
151 243
2822 4654
3827 3661
130 543
1189 4725
4652 1243
4944 2520
3738 2905
2009 4344
4007 4765
3966 1982
4603 265
439 1583
853 3123
4493 3919
4398 562
610 2169
3534 809
4089 259
1058 4667
2435 513
817 4755
3697 2896
4033 1968
2240 2769
857 764
3653 732
4094 37
3092 3300
30 479
2617 1839
4510 3306
3228 622
3401 930
4073 1897
1398 3485
3353 4424
4273 3179
1202 5010
4835 182
646 315
2104 667
4529 4238
1513 1801
3009 280
1037 949
2984 2978
297 1127
1494 954
4229 1788
2522 3525
1462 3433
3740 1328
3702 4353
3071 2851
3392 4483
3939 1173
2376 3677
4830 630
2718 252
1537 4916
1374 2888
4878 2942
445 2877
1728 1912
1340 1381
4709 1528
1258 3914
3333 2822
366 1682
1453 2987
648 4695
2771 4133
3058 4245
2720 2061
3851 4897
3915 4698
90 2131
2837 2859
1106 4892
2836 2460
2072 4675
1094 468
3444 2155
1408 1942
3915 295
1439 2274
1120 37
622 4700
2861 1573
229 338
707 816
3207 2407
2402 3012
3907 3752
1760 545
307 4981
3887 2357
3858 1785
3019 1192
367 2525
4216 4542
187 331
4462 2153
830 3894
4907 539
1789 257
3531 4309
1945 3789
1016 4957
2221 2751
1 1201
314 1126
65 4446
2534 1311
1220 3307
4654 3586
2679 2628
2383 355
2827 4804
1504 1375
2086 1272
2120 2720
2701 571
2808 2982
2076 1805
2478 3545
2623 232
2879 633
1317 252
2915 1452
2183 2399
1122 3951
3797 391
176 2572
1804 3271
3272 3174
4833 930
4799 4400
2483 1297
4173 1650
3705 1219
1562 4188
765 3068
1854 4204
401 3473
2256 1200
3513 793
556 334
3968 3255
4592 1898
381 4042
1899 1638
1838 4653
1837 218
3320 4815
550 3427
694 4305
90 3810
3115 4008
40 1087
4915 1075
1382 2512
2508 4189
754 3364
3082 1060
469 2600
2772 1023
1170 2797
3538 2739
1300 3658
1715 4677
3045 3593
4819 2815
3588 2319
4403 2545
1758 1123
668 410
4815 3002
1784 4444
225 254
3069 3018
1587 157
3882 746
4681 3083
518 3552
3888 2489
3526 4266
4837 2669
4486 4198
3104 1999
1040 3923
194 2609
3989 1174
1986 2371
1799 4548
400 2964
587 3461
568 2875
2913 2534
668 1329
4590 4660
3564 4213
811 2054
2001 1393
570 1537
1457 2760
527 2627
3869 876
3914 700
2875 3242
155 4527
1119 84
4880 206
3406 298
4791 3780
1372 1120
3994 2556
4661 3348
4845 949
4483 243
2848 1918
1972 3729
156 1641
4071 1012
2106 4662
1925 1637
1510 4621
3858 2243
2993 2613
3650 3035
76 3038
2860 2302
2305 3088
215 649
373 4549
2537 2260
4026 2059
4645 1992
4721 2719
2010 2027
4975 2632
4624 3858
3829 1738
4373 3402
3762 1188
1832 1555
4116 4381
3198 3407
2950 1737
2278 653
3273 3842
1550 1985
1604 4399
1608 875
2351 2866
4525 4476
937 735
3520 4552
1748 4694
463 2431
4254 3960
3755 530
681 46
3870 2906
1221 716
2555 437
29 2878
1751 3790
4651 2065
1864 3851
4295 3473
1879 911
558 300
1844 925
996 2230
3363 3312
982 2360
450 450
3788 1867
3462 750
3254 2861
4928 4580
2480 4068
4848 4114
4686 3431
658 953
1839 3326
3619 577
4008 2961
2639 2180
2593 452
1777 4396
4260 782
3655 1904
1651 1562
3459 375
2040 1292
1510 4183
2119 4599
4773 465
845 1625
3922 2965
4857 1991
933 584
3235 2374
3606 2770
423 3582
4640 163
2770 4719
204 3485
2467 4693
1926 357
3307 2886
1642 2041
1690 1915
4161 1155
1486 1344
922 4526
958 4641
3819 158
1638 4214
2415 3772
3226 4955
2551 3951
78 4460
2805 409
3543 3835
3170 1876
4651 2093
664 2026
4083 3180
4617 4100
2518 4402
3977 4097
59 3979
4391 89
3327 2542
1734 4133
4000 4188
4850 3424
4457 4614
3303 3548
753 2203
1577 4430
4896 1795
4240 4589
2835 4463
581 1652
3248 468
570 4034
3016 1613
4886 4089
4548 2626
565 1250
1943 1565
2949 1040
4848 440
1677 807
2351 3361
2311 1889
4342 1816
2745 1842
1354 2950
3229 2675
916 5009
4351 2799
1446 2005
4253 4782
724 830
3923 976
930 745
2262 3535
4963 1149
1124 3507
534 100
729 137
1409 1400
3174 1029
4575 3762
1586 492
1216 3539
3660 1416
4891 3580
644 871
3536 527
2977 2083
157 1040
4628 120
1983 3375
1102 1404
4974 1399
1093 1689
76 2269
4545 2863
4553 4604
3599 2589
1345 2026
1316 1982
1741 2225
2059 4092
732 2278
103 3519
2644 694
3544 4436
3253 3965
883 2186
1484 48
994 4710
2802 5000
200 1903
1168 100
1926 800
4738 4242
2946 4144
1653 4488
2205 1392
317 2549
3284 3201
4360 2292
442 2465
2319 4605
2070 2358
1067 2725
1985 4402
837 3075
1480 1613
536 2942
4559 4146
2769 607
1234 3136
2066 4925
4477 2566
4617 2309
3948 2827
606 2587
3851 1057
4225 4446
299 1483
4564 3190
3508 3016
1651 301
800 3371
2219 557
4113 4822
3320 2607
4675 4137
4804 1397
2987 3248
2454 482
2361 2054
1454 1456
3850 4859
215 2826
3111 1525
1610 3994
661 356
2837 2887
1738 4186
4009 1481
2193 4536
474 258
4575 2786
2861 2563
4360 3734
3061 1514
1305 2173
2207 3888
1611 159
2240 3951
1174 4306
1688 4356
2501 932
4595 3287
4022 4103
48 4495
1477 1059
374 37
2524 627
321 1793
448 1846
1195 4374
636 2884
164 3828
3620 2596
2875 3076
1986 4073
818 2266
967 2247
4114 4483
4369 4284
3204 2698
2645 2845
736 1935
4453 2464
4278 1405
135 2485
3267 4007
836 425
4325 1253
623 3017
822 1178
1633 3097
4807 2431
961 2918
1549 782
723 2474
2566 3963
2916 1730
392 3828
4639 2009
3788 4226
690 764
919 1119
3544 838
4722 2835
1815 3406
1950 1750
455 2892
1956 538
1735 1373
1806 1506
4833 2585
55 943
667 3462
4777 698
1294 2735
1342 2553
614 4697
4197 4760
3824 812
4331 4469
2025 4111
3990 3466
362 4804
1229 367
1355 3904
1451 3715
1350 2769
715 4261
4512 1725
1370 4032
92 1987
1588 4786
3518 1231
1515 1577
4242 566
91 97
1353 1251
444 3884
1695 3556
3726 4512
2276 2598
2639 4975
3961 103
2834 4268
3735 2719
3323 617
578 123
3340 4035
4223 2507
3846 213
3947 3131
1407 3803
566 633
4682 4906
4580 3200
3832 3505
3895 2414
3267 808
3663 2802
1843 146
1015 535
4979 4761
707 2614
3891 4211
2710 4115
573 1331
2752 1819
569 4070
3847 2009
1925 1789
4756 1213
3051 1273
1831 1780
3231 3000
1775 4309
2529 2375
1591 4599
2200 906
2731 2505
3474 2463
1110 459
3074 4972
2963 632
192 4555
1016 3425
4165 1444
4694 1196
4008 669
578 2948
1355 3440
3036 1847
1134 4678
2205 1735
4766 2885
3230 4859
4391 1819
329 1596
2065 3115
1687 195
1702 12
4901 2826
1678 503
1464 2407
488 1129
1128 3421
4848 214
4160 4819
3778 1533
785 4960
3080 2450
3576 1393
2748 4959
648 3418
2583 3111
372 2162
359 4640
3540 109
3706 2201
2504 3032
1906 1716
2966 396
210 1619
4021 2322
3590 1739
4614 4775
59 1590
2197 3510
4976 2952
219 477
353 4656
2962 3526
2151 1389
192 2268
2303 460
2220 1360
2051 3805
2636 3741
67 3032
4750 2312
4837 1511
4307 4626
2625 4828
1799 1956
2170 2155
3408 381
3639 2375
3957 568
2422 2563
4266 151
1297 862
4417 2888
4876 3750
2695 634
4169 1353
660 3908
197 2899
1210 4586
404 498
2637 4096
310 992
2546 2396
4896 4650
2807 3370
1182 2509
4510 4837
55 3629
3862 4572
986 3695
136 3608
1508 1460
3495 2812
4928 3045
3677 3495
3433 3100
3287 2050
1889 4851
1028 1334
2860 1053
444 3724
1450 4480
3879 786
1839 2017
3954 4598
1601 152
4015 2186
4520 773
3847 1302
4803 728
1253 2397
2827 2345
4005 883
969 3019
2986 502
2785 2719
359 1217
3798 71
4368 2712
646 4056
429 3151
1931 3390
4376 212
822 537
3079 4175
1381 2747
959 3362
4018 2306
704 4991
970 971
985 240
1107 1883
3032 2219
2603 658
4847 4171
3370 2509
2509 3312
4553 3940
300 4542
1517 1805
875 2832
112 1900
4097 4
4508 4451
4065 4048
2905 4355
4977 2005
3932 629
1009 2234
2881 3817
3158 3511
1257 1770
2817 3527
1809 1688
2795 1689
607 4896
2640 2519
2512 383
2659 895
3794 1502
1312 512
4619 1271
4820 675
2758 1257
2127 4856
906 4518
993 3860
3029 3292
509 4646
2778 2197
1330 290
2810 1248
1671 4614
1710 3881
2596 4616
3487 3210
13 2761
2114 2016
41 10
1840 3056
1189 2021
3071 382
4319 2641
3562 4111
2358 1368
1177 3932
1946 1075
2129 2647
2966 2042
190 1296
3167 2855
2607 2658
121 4205
2444 105
899 3464
3100 1463
457 1815
3303 2740
1173 3431
3862 2091
3841 4156
3262 177
928 4920
3686 4660
1243 1234
1509 1022
1114 3402
58 3660
4599 2233
2830 4458
2925 2585
888 414
760 4819
1653 1856
299 2752
2440 3839
4938 3624
113 794
1137 4724
2006 3477
487 3352
432 4805
1677 3768
1723 2528
265 2575
2201 467
4054 4463
4325 3947
3909 3
4413 982
4696 2330
3458 1238
4805 1592
2476 2701
3866 2332
1328 197
1395 205
2817 4559
2119 2648
4133 819
1885 320
3308 1543
3411 3761
2750 3677
3419 722
195 4893
3587 4668
939 533
556 433
2808 4365
2882 1588
4256 1029
639 2973
2866 700
4857 4864
4596 3488
2620 3498
2256 4429
3983 2195
793 977
179 3257
2489 1360
2678 3728
4416 4438
4640 2936
4136 3673
4893 4339
520 2467
2957 2090
1992 3357
2143 3177
3278 2027
2725 3565
874 3465
1666 4406
3231 1521
3658 1328
66 167
2995 2871
4321 1461
3744 1047
2957 3582
959 1179
3715 3047
620 1019
1708 3330
1925 2407
646 510
3122 2573
795 1331
4935 1163
2414 1674
4724 787
435 4567
294 4296
2990 772
2034 670
2861 4236
4175 3526
2080 4229
985 4341
154 1294
1872 4480
4177 2302
3503 1138
3847 1868
3386 2116
2670 3068
4610 3117
1866 1144
2844 2675
717 3088
2605 4292
4792 4553
1515 4321
2055 916
1782 4079
2928 3934
3589 2752
233 4614
3979 1808
4353 3265
4931 3971
4475 3401
3390 4149
3296 4548
1390 3480
4893 1216
4206 3598
1915 4678
2442 3065
930 3211
1319 4813
47 4568
2442 521
3084 2122
1939 2334
2763 4352
2395 4100
1771 628
2661 311
4776 3103
3344 458
4009 3140
3545 1118
3860 2601
4311 3644
1874 600
4595 393
4826 2684
1369 1235
1351 2578
4691 4926
2495 497
55 1468
2304 4768
3915 207
4316 4707
3017 818
2297 3495
1154 4
522 3435
4826 550
3189 1336
1678 3187
3603 2071
4019 4039
3931 4743
4324 1851
2262 2447
1161 3466
2725 165
2320 785
186 3102
1953 2460
3210 4397
1054 3599
198 4762
4095 898
3511 4880
4881 2442
644 3548
4641 57
256 2669
3946 733
3135 1485
2794 4498
4436 2211
4423 2412
2718 2103
850 3474
959 888
4701 3702
3728 2126
1111 2337
1550 2716
2533 1881
2734 883
2279 3015
3378 2881
3365 702
3306 75
2672 155
3119 3489
2683 4743
3277 4138
3442 385
442 4586
2869 3655
3048 3131
3336 2367
3180 3762
401 364
34 3584
1247 3676
472 3064
4878 2115
3079 1911
3337 3910
3855 4404
1301 383
842 3409
4151 4080
1693 4257
2026 268
4414 565
1076 4168
1247 1399
1036 2427
3412 366
2442 2923
4025 2949
3168 1349
2861 1652
232 1333
2325 4287
497 1352
1807 4647
1183 1513
3268 4253
4858 518
4729 2960
1795 2533
4854 3211
2529 3817
4926 3487
563 4722
1370 4309
4685 4221
3405 2065
2328 932
3203 427
1765 2964
4703 677
357 1676
4796 1871
1835 2590
4876 1297
2181 121
1316 684
2263 2727
3529 2589
590 4586
4428 4571
4157 315
2815 1486
3215 1932
1202 2179
1241 2166
4570 4917
397 2514
2936 4283
1060 4366
4466 2730
1012 2670
3819 2330
1150 275
2630 2620
1827 905
536 3206
2055 3573
4148 381
3653 67
1400 3558
826 4334
752 3288
3852 3923
3296 2402
1283 3106
703 4134
1883 3746
199 3309
4336 4270
1745 4208
161 589
2583 3170
4052 2247
4174 3023
2694 1399
4085 3942
1709 1407
4291 4716
394 577
4795 214
589 1703
4595 2685
1269 2226
4975 2115
368 4882
2388 1269
3019 3926
613 3009
2830 736
897 4867
3396 4892
4722 4254
4370 1018
2725 4217
4375 4334
3426 911
435 2382
619 675
2244 4923
1421 1583
2673 4911
1368 2238
4955 4124
4764 2452
499 513
3860 4249
1135 2906
4930 4232
1356 1535
2494 698
4499 3884
1379 2500
237 1737
2039 3970
3136 2070
4984 3927
1579 914
3832 4258
669 4181
1853 4198
4728 922
1002 2561
1722 1199
1144 1166
1427 3236
2533 2828
1168 97
1440 2800
121 1994
2428 754
1128 1810
1645 3296
2752 1626
4286 1095
3380 3692
3957 4747
788 2062
1459 1818
645 1746
5002 1701
1171 812
2894 3578
1638 2268
3048 4828
4513 4670
63 3237
1408 2098
2810 1859
2907 4529
204 883
475 643
556 413
4586 3320
2309 139
2588 2585
2876 304
186 563
4816 3897
2634 3028
2645 2724
4446 3390
4878 3282
191 3357
4437 1120
2698 4141
153 2399
612 4200
51 1395
377 710
3957 1840
1752 3797
3220 3169
136 1741
1037 2696
3330 2983
1047 1808
1117 4724
4681 3483
3114 4511
81 541
3852 2594
2531 3235
343 4156
4286 372
2784 1744
4856 3303
2934 261
2947 3026
1997 64
515 5006
2191 2077
3298 710
2890 2210
3064 3017
975 5
3189 657
2012 744
4961 2284
2347 1508
2029 2488
100 4738
3673 4647
4780 3497
4530 540
572 1210
187 2425
2993 4551
640 667
1870 3389
3722 1768
1150 113
1335 2
3508 1651
424 2553
4595 3786
3769 4101
199 1769
147 471
2518 4707
1653 4802
2727 4127
2554 4996
4608 3079
1391 4506
1816 872
2484 1622
2270 4379
4695 1414
3014 1206
196 112
1077 1449
169 3970
2728 2954
2493 3215
1251 1713
3247 1966
3310 346
2727 4835
3502 2830
4468 1547
4490 4907
3609 2465
3515 3876
4522 4355
3227 3235
3081 4019
1117 3921
1197 233
1861 1295
2324 4657
2028 3500
216 1168
1470 4743
498 3748
2741 4151
1825 3713
3068 2690
4663 1169
1171 3201
1014 1639
2904 4194
4558 4409
3310 286
3453 2641
2300 525
1018 20
3609 3355
4720 727
4738 3797
523 4278
4209 4986
99 3956
2541 3094
812 2632
356 3896
1337 4532
1583 1568
158 204
617 4980
94 2945
3636 4115
2442 195
297 692
2204 2580
4994 4259
3114 3740
953 2525
1262 1472
1093 3740
3771 1019
2406 495
681 4111
4408 4496
4022 4403
3390 4825
377 2207
4704 4401
1586 4038
3014 3310
2455 1861
3429 1701
1488 3750
4875 535
1932 2507
2384 3524
422 2558
525 4155
3024 606
2680 2744
2635 3199
3259 517
2988 4501
1866 4449
4214 2401
4802 3424
4686 4505
3749 1093
3198 249
4420 3517
2301 4763
4600 4628
3928 4168
204 3023
400 1502
686 1298
2824 4059
151 4899
4007 2246
3052 2011
1119 4611
2411 4748
1350 792
3962 196
3356 2613
3364 1133
4443 4018
813 1345
288 679
4303 3695
828 3958
1528 465
3802 1418
4765 1377
4309 891
3769 1530
1292 2401
4359 310
238 4782
4548 2602
1755 4032
173 3865
3904 3955
1171 3211
3026 2665
4909 661
425 2166
4890 1146
4227 1365
3373 4127
1913 1904
4678 307
2881 1463
3790 4814
4861 2152
4913 252
3976 1561
3115 3158
3323 1726
1005 4477
1370 3626
1317 1488
1387 3262
4375 419
3763 3795
2997 1116
1689 2567
3023 4160
1586 3189
985 1269
1073 3847
1429 3529
717 1161
4786 805
3660 1015
441 3732
650 884
687 4299
1614 3785
4719 2865
4633 3400
1826 4667
4409 3467
842 822
2868 3614
120 3452
1481 3261
2147 2996
2976 407
4812 4206
4848 3421
4312 756
1967 2521
939 2036
2333 3557
3567 912
2080 2378
945 2340
3142 3217
1836 4303
2426 4129
4503 1640
3853 3102
1205 1728
1045 205
280 2877
4167 419
2317 2263
2412 1820
1922 1511
3744 2752
1976 2414
108 882
324 1000
4075 3329
4814 2337
3938 4446
2919 2817
1569 5003
243 3984
4997 3997
2686 2843
219 3671
1590 766
4418 1331
629 3905
3962 2164
2238 4810
4837 2916
4233 457
1246 2867
2010 4376
1659 903
2353 1389
1562 4879
2044 2819
1039 1337
1851 3638
4390 456
3183 4424
4263 3909
136 1405
3592 1399
763 4557
752 4075
1291 1711
2175 186
542 452
2493 4653
1971 143
4973 2917
485 4749
3327 2530
1101 2194
1580 3361
576 2927
1559 3052
4229 1533
1154 4525
1219 4553
720 3396
821 2678
901 2473
2189 1351
1622 4271
2011 2647
2778 560
2996 572
328 2139
2466 3913
989 1560
3466 3059
4907 2428
2807 2907
4566 3837
3290 2588
215 1439
1823 3022
4017 408
3078 3042
4099 3191
670 1264
680 4341
1560 4523
4864 3606
630 3535
652 1705
1698 3198
4417 141
3332 2580
3299 693
3284 2082
1679 1282
893 255
2853 4813
1873 2655
1947 865
1863 4050
3713 1527
2230 562
3551 3753
35 484
3831 2020
2667 2412
1786 4459
4278 2803
2518 1970
887 301
949 1342
710 1760
3553 4067
569 245
1594 1204
1484 1067
1669 2398
665 2088
595 607
219 4011
1815 1440
4455 4041
1227 1572
3565 152
1193 267
2472 3939
2292 136
4211 2701
606 2604
1938 3886
930 25
742 2269
104 89
170 1660
2172 3761
659 1375
4207 896
4888 1263
2654 2051
2009 2365
3158 3950
4046 1531
732 2784
2722 1818
3383 3429
708 3614
2777 3020
4623 4056
2866 2170
4164 1686
2470 207
4119 4534
1731 292
4307 3355
3939 3030
4686 1459
2894 1941
1961 4303
1825 4690
963 3528
4070 4113
102 2901
2763 2893
2491 2730
4567 3629
3629 2082
1280 960
4098 2036
4149 3269
4170 1598
3101 502
3883 3795
2337 3462
4547 2281
1452 73
3059 3704
1093 1274
333 2769
3192 1659
3011 4712
4566 4205
1130 4850
2808 842
694 874
2591 4675
3938 4412
2570 243
1040 1389
3687 2516
2177 668
1647 2029
1407 4010
1669 4806
4103 3534
3847 3417
80 4406
1963 1187
305 1625
1431 285
2393 990
2216 1404
57 821
2712 4589
4244 4282
3466 3764
3224 2261
1001 4372
3739 2261
1065 2639
3908 3397
688 1493
943 4715
4356 1625
2865 4428
1759 3207
2433 691
2391 108
590 3330
23 1624
1844 4444
1162 4323
2620 910
4661 2462
221 3233
4239 629
1119 1340
1623 3621
4100 4082
4910 1477
4728 4938
2254 2838
1172 4522
3714 3093
4328 1844
4391 948
4634 1015
1017 4363
2397 4785
747 941
888 4698
1855 4846
1885 1502
1687 1840
1405 4483
1202 4116
1670 1027
3443 1246
2752 4403
3772 4805
4302 1599
892 2449
4192 4180
218 4680
1978 3291
1763 3453
2697 2428
724 4336
1190 2863
4297 2913
2552 278
50 4529
4596 1707
2005 1638
2046 3028
3524 1571
1045 2521
2237 3970
4407 4840
4382 4475
641 3671
4924 4171
4692 3241
2385 2912
2000 4553
3111 4814
4970 3913
409 2048
4315 4375
293 1070
486 962
4278 87
2254 1159
4402 2125
1866 1827
3903 3616
113 3929
1317 1207
4395 159
4148 971
3860 950
1547 1985
614 2957
1377 3983
3088 1635
357 1012
1547 4126
4692 2731
4333 710
1366 695
2353 4301
721 900
4725 2710
1810 3404
4485 2753
3919 3251
3755 4472
1432 4723
972 2499
3242 1429
1699 4134
2769 1635
361 806
1946 2908
3109 2212
3322 1303
1936 1481
1117 2536
2099 2056
1575 2849
1963 4969
747 4214
4908 4445
1173 1127
1678 4255
93 1289
3336 4881
4207 2106
1736 964
2055 4821
3673 4329
2828 4139
2315 2932
2133 8
4691 1539
2387 2042
1809 17
4453 4515
2564 40
814 2305
567 1514
1311 955
139 4096
2378 1
1212 199
1272 4652
2733 2164
4548 4397
1861 3446
4072 90
4728 944
793 1759
1951 1364
3139 1367
3990 259
2397 1481
3248 31
173 2772
3059 3883
3167 2093
4157 4793
2340 150
3123 3924
3907 4975
1347 267
2123 2390
967 3996
3577 823
58 2695
2949 1766
3459 4186
1363 2858
243 406
1861 3362
1483 3493
2428 946
2391 371
655 2120
2928 3405
4597 4790
476 872
3494 4069
3822 1315
901 4613
443 1520
2976 1550
4647 4912
2505 3743
4113 3429
985 4463
425 1914
4628 220
3109 1452
381 2850
2228 577
1118 3017
990 1172
1029 244
769 4301
5010 2337
3076 2922
2007 1374
1379 2446
1783 1140
730 2795
4217 1366
220 2482
2506 1124
431 1783
2331 1274
35 2009
4476 4146
2549 2301
2907 398
4411 2764
605 2083
875 325
3782 708
3671 4908
764 1858
1324 4778
2014 6
4504 4187
3685 2307
2886 857
4237 220
3267 3586
885 4488
1930 3805
75 4137
891 1238
4940 2674
1529 1565
184 659
383 3665
372 1523
1788 4450
1003 4203
1335 3975
908 4457
102 2959
1542 3113
1318 4520
2843 858
123 2215
1681 3207
1955 481
2761 4928
707 24
1293 4330
1488 1782
4071 1529
2361 3527
4888 4863
2069 2170
826 2590
3723 4760
2402 1384
1584 741
1981 2814
1625 3462
1901 3151
4985 2726
3967 1239
3345 4460
3191 2401
3201 689
1320 4295
4916 305
1158 4069
2072 773
3607 1144
195 1494
1335 1685
4450 2858
255 3900
3385 4597
2008 3431
3628 2749
4699 4749
3737 2365
4043 2016
3172 4784
1518 1194
1046 542
4011 1370
1306 3784
4438 547
2604 4457
227 2285
2730 4974
2184 990
3919 2861
824 2324
274 2016
4429 986
522 1528
900 3876
687 1393
3332 2882
4906 1203
4571 1513
148 4474
3891 3793
4146 2860
4830 4374
4891 815
991 313
4781 4853
549 3850
4889 2978
3339 4990
4355 1311
3278 138
4951 2677
4243 1139
4453 326
3833 1831
2236 906
4987 435
2922 2106
714 1618
4310 3193
674 2420
4488 2352
413 1278
4473 2496
946 3622
582 2236
2293 146
1551 971
3328 686
1519 4334
1564 2021
2374 1944
3692 3079
1696 1945
4534 2927
4443 4979
1407 2187
1364 2882
2612 409
4428 1732
4699 5
1755 3666
3378 3776
1835 1079
3596 3842
1351 1808
91 340
1087 642
3028 2135
353 2207
76 4829
406 3796
2135 123
3542 3683
3670 1822
4396 3846
2718 2935
4617 142
2658 3967
643 4026
1865 297
4491 546
149 1538
490 697
1265 2448
4001 2687
3115 2944
2605 840
728 2499
1989 4968
3076 2228
2106 951
1571 506
1679 4724
1931 2896
2938 1481
176 4173
3865 2220
2693 602
1557 286
4129 1739
116 3327
3257 1519
4737 2379
3444 1179
3504 818
4145 2204
3179 4850
2107 1515
1035 153
3259 1263
1663 1260
2657 151
1304 1088
3852 1874
1351 847
3550 2188
3872 132
3100 2152
3033 2254
2219 1985
4112 1509
3613 3920
4329 1719
2725 3148
2915 4903
1129 1246
2750 3157
1330 976
2099 1981
4624 4946
1770 38
4285 1880
3305 3063
3242 3111
3511 3142
3307 865
1472 1530
3464 2901
3954 699
2377 100
3656 1760
716 4834
475 2736
1250 2318
4446 1820
2992 2245
4006 4377
564 691
3007 3634
1673 579
2924 2517
4582 1340
3411 2423
479 3618
4255 3312
2735 2284
3893 1438
4382 1520
771 3514
824 3225
866 2321
358 1080
2197 983
417 3657
1035 1831
2627 4625
2729 1275
4581 1253
3953 3776
2938 2565
4035 4640
2752 2092
3596 779
4981 604
1141 490
4586 700
1355 857
166 4417
2541 4135
3853 2373
197 927
2763 35
2748 5
2958 852
1426 3974
2614 4620
4612 1240
2202 1314
4777 1899
2530 2006
2957 4492
1850 2928
331 475
3369 1352
3262 1428
1207 1424
1710 907
4011 1078
3627 977
4188 3036
281 302
518 4902
662 3223
560 511
3323 4869
4956 2705
1828 3773
4983 119
1405 805
4316 2120
1871 3912
2101 3845
662 1929
1700 4747
223 4376
4696 3042
2522 644
1670 4653
1222 1686
4391 977
3547 4447
2255 2214
570 4917
4154 415
3484 1305
3483 782
3090 153
3170 3229
4163 3415
2725 2518
1260 149
3540 1942
4320 1430
2072 4929
4238 2540
3148 611
4899 3457
979 3853
2555 3534
4373 4903
2461 229
2127 348
1609 1608
2207 4873
4119 558
4716 2419
4824 2134
3082 2736
2262 569
3923 4672
491 2866
1618 1562
3525 1262
3853 388
16 4022
3167 872
3177 670
2010 2148
4859 475
5010 4714
844 3318
4999 4006
2397 2581
3193 966
3508 3946
2368 2676
1580 2231
4326 3579
772 2423
1992 4640
1854 497
3762 3062
1573 925
3464 505
2633 2797
3393 4414
3984 4588
3462 3506
661 749
4495 153
1374 4053
3283 2445
4221 2275
1797 127
2284 4970
3536 2943
3053 4671
1340 1877
1518 365
2881 4104
2203 4855
2678 2576
3834 2411
3412 518
3828 3873
68 2180
1239 2736
3190 472
4464 4349
451 2349
3430 1664
2873 446
2495 641
2330 3934
2586 1414
3659 2213
2096 1295
2062 860
18 1594
1508 4922
887 2161
3670 1517
951 1538
2392 4343
3224 4561
4512 1046
3105 4637
2614 2190
131 1087
87 2794
930 2068
4088 1667
1009 1127
2712 2924
3279 2892
1012 363
1014 4181
1109 2237
2732 2304
2939 127
4268 293
4851 1336
3989 671
2068 30
2604 84
2415 2321
3884 4302
1225 2272
3289 2676
2448 4969
2407 120
1857 2135
3220 4226
3393 2037
754 4274
169 1345
1604 3090
4835 1
4008 568
4047 4947
770 2072
3640 4315
1216 4822
1888 4478
775 846
3365 4716
4918 983
5002 746
724 2739
1341 4133
4071 1170
174 3565
3198 2095
3052 3536
2209 4354
1361 4754
4907 2097
4617 3521
1593 31
3249 304
2892 755
2805 1073
4976 3335
2097 2442
2150 4394
2845 1549
991 3109
590 2571
3059 1178
4246 4073
151 491
1790 1744
3614 517
2017 1244
3876 2589
1181 695
146 943
4716 2709
231 2560
2384 3593
2050 1035
2290 4001
4609 1986
2501 3502
2652 3093
1996 2331
4192 2184
1456 1917
3490 2800
3557 510
4523 4860
979 4981
4152 4742
2764 3520
691 1117
4825 1309
4488 971
2107 4470
3682 3877
1242 288
1515 315
1451 2199
3614 2453
3087 3483
2228 4296
4010 2105
545 1248
3639 3592
1330 4802
937 2200
4007 3439
4039 243
859 2387
4918 4839
3586 158
4282 4049
4386 2027
1719 2093
1054 1776
4543 1567
3267 2756
2497 774
156 4629
4324 1751
4267 1184
4255 320
3417 4716
1695 2963
2944 2759
3991 4588
2649 540
3797 549
2972 3005
682 1457
867 2268
3587 1620
264 1246
2389 4772
482 2547
914 877
713 1116
3053 251
1019 3560
693 381
3514 4763
3845 3300
3990 3304
4999 746
1559 2776
113 3154
1649 4926
2682 4182
2928 1197
3776 561
4208 4245
4935 663
4632 4299
973 3564
3300 3242
1284 526
651 2648
3162 4494
4965 828
1803 1440
1920 1124
2903 3919
1732 1324
922 4755
381 4297
2313 3189
2073 2751
570 3972
4181 2366
4308 1233
1005 2372
4515 4849
4503 1867
76 78
977 4573
3053 4496
984 4933
4482 228
683 1511
3073 3924
3304 1958
3910 1941
1815 4532
4962 2263
1071 1923
4420 1216
3734 4267
3888 4972
4465 2128
4261 2622
2153 3713
4606 3960
116 2592
24 3891
511 3965
3626 4794
3525 2212
183 2656
516 833
1210 179
1691 990
1623 4507
2798 4784
813 1872
213 3875
2857 2252
2475 1516
4315 817
377 14
396 1365
262 1448
78 1677
780 4229
2935 1004
2758 1348
4224 2426
1771 1570
3281 357
1816 2273
189 418
4342 431
1456 1969
2615 1375
2076 1796
4418 2964
3073 3488
2828 4718
4727 4065
552 3315
2899 2013
2435 437
4460 2253
4137 305
3318 3457
222 2612
2612 1542
2872 2303
1753 542
3754 1909
1767 2465
2874 1873
2515 3624
1884 1523
4532 2073
794 1825
2783 384
453 526
4912 4408
4043 126
4496 2651
1750 4514
1992 1470
231 2769
2546 1897
176 4658
3241 1316
3855 4292
282 3925
3029 1697
4521 701
532 3681
3341 1550
4361 4620
1973 1171
1970 2728
334 2047
2606 2504
2085 3436
179 3649
1448 245
4979 1044
311 3531
3933 3358
449 909
3977 1633
4452 3764
542 769
376 775
77 1040
938 519
4117 2802
3612 2856
4267 3532
2733 3147
2130 4652
2672 4477
533 4410
1967 4895
2531 1205
3604 4042
3986 2519
2492 305
2559 240
4255 221
117 1478
4585 597
582 2929
4622 1423
3820 2574
4536 4806
4880 1211
3830 4763
3610 4801
4325 931
304 992
170 749
2623 343
2438 1812
4130 4449
2656 4653
14 1005
4963 1663
2982 3778
2041 3968
3147 3873
3227 5001
1864 1272
4170 1351
2518 2831
2272 1572
2654 2955
2650 494
3679 1260
4758 2339
2499 4546
3082 910
411 930
3022 1007
443 662
3492 496
4911 983
2994 2521
520 2051
3563 730
1708 1680
2348 4192
173 3056
496 2056
3968 2113
3794 285
4264 4784
3273 4182
4108 2665
3584 2002
3251 3255
4943 2641
453 2277
3770 2120
265 4183
285 2264
3590 1151
1743 3695
4244 606
4360 4922
3648 932
2159 3763
4412 4030
3941 4873
2699 2466
4892 1055
1054 529
1177 409
2455 338
983 4370
2150 799
232 4319
3523 1195
3321 3842
3561 660
537 3266
1836 3206
2476 181
446 1932
2827 3214
3475 458
371 3390
4540 421
3711 946
3705 1755
2805 4077
2363 2553
1638 1207
4886 238
2010 4951
1791 2078
4688 1136
947 1027
4605 3633
2382 4264
4682 1410
2183 4653
2774 361
131 2327
941 3754
3073 129
2478 4923
1956 2621
3489 790
691 534
270 1691
1325 4387
849 2365
547 1781
4714 1528
4496 134
2280 2443
1509 1999
2410 1727
4046 3196
4835 951
298 3741
3046 1804
2648 1594
3253 1580
704 3218
1630 359
2107 1955
4232 2718
750 632
1852 647
3221 847
1299 2653
3588 1930
2942 3039
1779 4319
1081 2986
1967 256
2763 3325
2261 365
1205 3158
3398 4607
355 1445
1157 4374
3364 3725
717 2704
3538 4354
3708 926
857 825
678 3148
2801 763
3570 1718
678 643
4096 2152
1966 4380
2921 1870
2979 4078
4390 419
3651 2673
2910 1409
3030 2122
1487 4133
1102 3475
4127 1655
4370 2912
331 1955
683 1804
1820 2621
3937 4372
1560 3843
803 3237
2972 1949
3436 4849
414 2884
280 4983
2603 825
2702 4406
1700 3208
4772 2751
695 787
894 4064
743 3396
2289 4566
3134 3863
4524 3062
3508 1896
2727 2827
902 2163
1823 1721
2568 3612
607 570
2368 554
1230 969
3322 2855
3621 4879
3788 4139
2534 2923
2194 3251
1303 2663
724 3214
2752 4004
1656 3522
1904 1011
473 3855
718 214
3865 1651
4382 4547
1483 3352
795 2393
3212 4522
1446 4985
3194 4003
4324 3284
4214 339
2095 4114
4019 1144
1899 214
4228 683
2353 2139
3402 1749
1671 3848
4049 2267
3784 2723
863 1330
3880 5008
4235 2156
3725 3509
3962 1143
2370 4758
4332 4904
1058 2938
2551 3549
1759 4921
1044 1041
947 3104
201 4907
5003 895
4822 1730
4428 4318
2423 4441
3615 3436
4537 724
2498 3816
3959 667
2133 1075
3496 3489
1185 767
3492 1439
1528 149
3195 2495
1703 2389
4911 2118
4906 4853
4960 1743
3502 4192
2949 4346
2890 3985
4796 2860
4982 3998
4149 588
238 2317
162 3179
244 1685
2762 3826
3298 2806
456 1759
1904 5009
1657 4745
1297 317
4829 4917
3870 2472
4921 1947
4450 1842
2277 3107
1884 4238
1112 2335
3521 883
4329 1347
1230 939
1099 3979
331 4937
3397 3596
149 1257
3147 2502
2065 4461
2757 3790
1389 1328
928 2966
3872 4170
4405 4459
1346 2221
2111 3038
4004 4058
3506 230
3761 4914
3113 3234
4290 4741
57 4719
1438 3978
4859 817
3447 1476
1863 2871
1224 4973
4800 3745
222 2027
4360 3806
4502 2689
91 2302
3108 650
4577 4397
3045 3327
2275 2580
3875 1169
3669 3028
1620 4796
1243 4435
88 296
2211 1964
4647 2847
2424 3215
2776 3953
4558 510
831 1026
4616 3642
4656 2029
2770 84
2336 1705
3149 3308
731 4670
939 1173
1698 1934
1070 3302
1471 99
3808 1019
3170 2799
4833 2277
1913 1007
2783 57
2412 3756
2696 319
3276 3866
1292 620
992 3873
133 514
844 3685
3769 3441
3342 2970
3349 1689
1314 3479
4459 3475
4928 2392
1071 1167
2868 1321
4611 4563
3327 1255
2521 4858
4124 198
4058 408
4501 2108
2846 976
4528 987
1529 2011
4804 2945
4934 3195
2716 1892
2750 1969
4589 2725
3142 3565
2811 446
2768 401
106 4241
4345 992
903 3057
620 454
4054 4388
2457 241
2741 2754
3458 1575
1006 1267
232 288
3592 642
4205 1835
3903 33
3724 1064
142 1097
4728 2413
2788 790
854 2691
1070 589
2569 3850
4211 4774
4456 75
3961 365
2965 2075
1553 1622
1284 2954
990 1206
1113 4805
768 785
1531 51
2096 1082
1366 2027
2892 131
4580 4116
2931 3451
1351 3840
2506 2192
3692 3294
4634 1778
600 3714
3148 2943
4278 4994
1020 1168
2631 4298
1464 2141
4831 762
3843 2597
1037 2690
4520 4557
4126 4611
4331 1640
2622 3517
386 4358
4322 4804
2293 269
1734 1828
1335 3455
2954 31
1295 1037
1409 1189
4773 596
18 2318
4858 4941
2377 795
3796 98
1077 641
3980 1252
4621 208
4928 1917
2525 219
4778 3797
4570 1112
87 2091
363 2311
3770 3449
2159 292
3842 2403
2109 3171
2612 2070
4648 1164
4779 1300
3669 4840
288 3
2127 2016
2054 2628
4244 1259
2831 1959
4908 649
4041 4387
3941 2706
1973 2122
2021 4265
4694 4012
813 4181
257 33
2853 236
2666 1912
4325 4016
2348 1282
1097 851
2521 4447
240 1237
4699 1787
1472 2830
4847 1965
3536 4154
118 3734
1624 1111
1763 2177
2414 4771
4359 4701
1669 2787
1559 1925
1735 4869
3559 2760
1769 2515
4051 580
2391 4109
3831 1524
894 4890
1321 2143
156 1163
3535 2855
409 1205
1637 2893
1632 4468
2996 3457
702 247
4850 2849
2021 3411
2632 1483
3715 251
2372 4870
3198 526
2131 4160
1493 1500
1881 3450
1903 707
1047 1269
3089 1237
3805 1536
4796 2086
2736 4434
3254 3374
4770 3750
3760 2190
682 1509
381 1235
737 952
521 4869
3996 2929
3514 4881
4418 4109
1593 4608
647 2191
2718 2895
2443 18
645 469
4945 473
244 4926
626 679
1791 3517
1796 4896
4068 3316
1665 1812
1849 4630
1309 1228
715 4287
1913 752
3651 4855
3886 1873
4010 568
2502 509
1443 3037
4277 3341
1403 4717
4282 2720
4754 4116
1671 668
4067 4980
2473 1062
2738 4621
4808 2310
2957 4672
3653 1624
4119 923
4290 824
20 1923
3211 3135
4618 2002
2505 4502
313 922
3581 1366
4623 408
4437 4945
470 4527
3447 3495
4336 1385
485 2780
3953 707
2574 2949
1488 4434
139 304
1846 1304
902 48
3771 3132
1708 3446
364 1185
841 2992
4623 423
2115 4969
1233 2703
3687 2316
4458 3005
3638 3588
3543 4613
246 2027
443 2586
1366 2199
3471 2339
4349 469
1294 3244
3138 2628
2045 3682
312 2680
1331 1959
3843 949
3627 3784
1627 2273
3369 1013
666 1790
3203 4312
2378 1426
3558 2354
3541 9
3670 2937
271 1558
2186 4876
4271 116
3171 508
679 870
679 1696
4351 4726
2067 1206
116 2439
2518 1147
1450 188
471 2818
2256 744
2791 2851
3827 2002
2811 2191
625 3850
3828 2094
3246 4709
4230 4462
3483 971
1027 4696
4654 1884
1947 3286
701 2664
4833 2701
4710 1255
3686 2678
3403 1219
310 4709
4585 2650
3304 2657
2237 2766
4832 1115
3880 2646
1300 3960
52 4710
2442 3081
4897 3339
392 344
3002 3354
6 3696
4779 524
3073 3790
1811 2450
4842 2844
1689 564
1884 2866
1585 1548
2624 88
3385 2319
2588 1783
1992 871
1431 4216
114 206
4240 3857
2746 3840
2361 2975
331 987
4192 4911
2830 4703
3524 3825
4319 234
510 1694
348 2366
1233 1507
2871 4504
493 43
632 1246
3476 3811
3743 3850
2829 3738
2665 487
2403 4019
4972 4520
4652 2824
3336 787
2418 829
111 3545
406 989
2878 4017
3164 2754
1853 712
2295 2448
4825 1482
4749 633
2175 3965
1622 23
1715 3571
4549 1066
46 2200
4076 3597
957 2768
15 830
4632 1737
462 4594
4919 2689
979 388
3178 5010
1320 2874
1339 2424
