100 100
44 68
99 99
62 25
89 3
98 67
70 24
73 60
72 54
62 9
42 24
89 8
55 27
90 98
26 85
82 30
23 43
23 16
37 100
67 23
94 100
45 91
1 70
68 24
37 14
82 65
7 83
47 77
31 74
47 34
100 38
79 93
100 22
100 100
52 62
22 8
34 25
55 88
66 88
22 11
48 90
17 58
61 51
79 40
86 22
26 83
88 86
2 50
58 96
12 45
90 51
12 91
32 31
11 100
93 83
2 32
46 3
34 26
54 23
57 50
48 98
87 36
18 47
31 74
7 43
78 2
74 9
47 97
97 89
30 33
27 62
16 4
14 40
72 43
41 35
74 56
91 14
83 45
95 92
98 42
98 51
2 63
68 52
85 32
19 72
58 94
67 10
8 57
92 38
70 21
27 43
5 51
13 90
36 82
90 34
63 99
87 38
32 100
93 22
97 91
28 86
